# omegabh2 omegach2 theta tau ns logA aps100 aps143 aps217 acib143 acib217 asz143 psr cibr ncib cal0 cal2 xi aksz bm_1_1 a_ps_act_148 a_ps_act_217 a_ps_spt_95 a_ps_spt_150 a_ps_spt_220 r_ps_spt_95x150 r_ps_spt_95x220 r_ps_150x220 act_dust_s act_dust_e cal_acts_148 cal_acts_217 cal_acte_148 cal_acte_217 cal_spt_95 cal_spt_150 cal_spt_220
    0.73639E-07   -0.38692E-06    0.77891E-07    0.98609E-06    0.10438E-05    0.11761E-05   -0.45287E-03   -0.75698E-03   -0.68443E-03    0.68841E-05    0.89614E-04    0.22571E-04   -0.12137E-05   -0.15652E-06    0.13706E-05    0.26683E-08   -0.56009E-08   -0.41874E-05   -0.57029E-04   -0.12454E-04    0.10448E-04    0.55238E-04    0.22983E-04    0.19590E-04    0.71344E-04   -0.14428E-06   -0.33072E-06   -0.18428E-06   -0.33549E-06   -0.66028E-06    0.39190E-06    0.45234E-06    0.38658E-06    0.44205E-06    0.72013E-06    0.72142E-06    0.59261E-06
   -0.38692E-06    0.68462E-05   -0.71440E-06   -0.11159E-04   -0.14892E-04   -0.58830E-05    0.60158E-02    0.28835E-02    0.29607E-02   -0.22671E-04   -0.22318E-03   -0.34144E-04    0.28047E-05    0.79752E-06   -0.13649E-05   -0.31833E-07    0.76650E-07   -0.31988E-06   -0.17643E-04    0.14658E-03   -0.35140E-04   -0.33385E-03   -0.73512E-04   -0.75414E-04   -0.39340E-03   -0.93833E-07   -0.14918E-05    0.11598E-06    0.24096E-05    0.58152E-05   -0.18140E-05   -0.19221E-05   -0.15178E-05   -0.20198E-05   -0.29335E-05   -0.32122E-05   -0.32231E-05
    0.77891E-07   -0.71440E-06    0.39302E-06    0.16657E-05    0.20734E-05    0.19433E-05   -0.30474E-03   -0.42317E-03   -0.42271E-03   -0.11542E-05    0.24348E-04   -0.18249E-05   -0.49521E-06   -0.32176E-07    0.66169E-07    0.44032E-08   -0.10476E-07    0.52311E-06    0.98441E-06   -0.11951E-04    0.78520E-05    0.70510E-04    0.20919E-04    0.14018E-04    0.87252E-04   -0.77846E-06   -0.80436E-06   -0.12934E-06   -0.71695E-06   -0.75510E-06    0.29792E-06    0.36644E-06    0.21723E-06    0.31816E-06    0.44656E-06    0.52322E-06    0.60652E-06
    0.98609E-06   -0.11159E-04    0.16657E-05    0.17303E-03    0.35275E-04    0.31705E-03   -0.35338E-01   -0.16679E-01   -0.15087E-01    0.22452E-04    0.23738E-02    0.54478E-03   -0.24170E-04   -0.58435E-06    0.37761E-04    0.40795E-07   -0.40625E-07   -0.13385E-03   -0.18642E-02   -0.42245E-03    0.26155E-03    0.10849E-02    0.74505E-03    0.49373E-03    0.12094E-02   -0.10012E-04   -0.22587E-04   -0.75748E-05   -0.24808E-04    0.85269E-05    0.73680E-05    0.95970E-05    0.86158E-05    0.87067E-05    0.15310E-04    0.15244E-04    0.10756E-04
    0.10438E-05   -0.14892E-04    0.20734E-05    0.35275E-04    0.48447E-04    0.32251E-04   -0.42012E-01   -0.19705E-01   -0.15395E-01    0.11484E-03    0.21345E-02    0.75629E-03   -0.31913E-04   -0.77405E-05    0.42108E-04    0.12674E-07    0.24123E-06   -0.13266E-03   -0.13570E-02   -0.28120E-03    0.15296E-03    0.84865E-03    0.33021E-03    0.30529E-03    0.90972E-03   -0.43419E-05   -0.73422E-05   -0.17718E-05   -0.86152E-05   -0.12038E-04    0.97651E-05    0.90127E-05    0.91105E-05    0.85630E-05    0.15829E-04    0.14674E-04    0.11460E-04
    0.11761E-05   -0.58830E-05    0.19433E-05    0.31705E-03    0.32251E-04    0.62270E-03   -0.59974E-01   -0.30381E-01   -0.25048E-01   -0.34941E-04    0.51138E-02    0.12550E-02   -0.47125E-04   -0.20483E-05    0.95636E-04    0.62110E-07    0.76033E-06   -0.33280E-03   -0.42994E-02    0.39313E-04    0.43288E-03    0.95750E-03    0.13951E-02    0.80042E-03    0.10031E-02   -0.28298E-04   -0.58044E-04   -0.14801E-04   -0.40906E-04    0.35327E-04    0.12210E-04    0.15429E-04    0.15532E-04    0.13441E-04    0.25502E-04    0.24356E-04    0.13783E-04
   -0.45287E-03    0.60158E-02   -0.30474E-03   -0.35338E-01   -0.42012E-01   -0.59974E-01    0.28004E+04    0.86266E+02    0.17232E+02   -0.45302E+00    0.15531E+01   -0.12194E+02   -0.11284E+00   -0.92576E-01    0.97946E-01    0.62075E-03   -0.36550E-02    0.99446E+00    0.88604E+01    0.18973E+02    0.44717E+00   -0.36103E+01    0.61587E+01   -0.43681E+00    0.20335E+00   -0.11649E+00   -0.45113E+00   -0.72961E-01    0.62917E-01    0.18227E-01   -0.22700E-01    0.93256E-02   -0.23890E-01    0.10812E-01   -0.63935E-01   -0.28178E-01    0.28622E-02
   -0.75698E-03    0.28835E-02   -0.42317E-03   -0.16679E-01   -0.19705E-01   -0.30381E-01    0.86266E+02    0.66369E+02    0.17828E+02    0.49762E-01   -0.12459E+01   -0.22604E+01    0.35565E-01    0.10825E-01   -0.49249E-01   -0.72056E-05   -0.74554E-03    0.21645E+00    0.99645E+00   -0.29114E-01    0.27980E+00   -0.57409E+00    0.96916E+00   -0.15983E+00   -0.42826E+00    0.46230E-03   -0.57548E-01   -0.28242E-01    0.14290E-01    0.21259E-01   -0.13005E-01   -0.75720E-02   -0.13466E-01   -0.66064E-02   -0.27513E-01   -0.18222E-01   -0.79450E-02
   -0.68443E-03    0.29607E-02   -0.42271E-03   -0.15087E-01   -0.15395E-01   -0.25048E-01    0.17232E+02    0.17828E+02    0.96614E+02   -0.10563E+01   -0.36475E+02    0.74994E+00   -0.36449E+00   -0.20101E-01   -0.41544E+00    0.25064E-04   -0.66641E-04    0.18322E-01    0.52478E+00    0.24593E-01    0.30665E+00    0.20971E+02   -0.11384E+01    0.74749E+00    0.11938E+02   -0.32232E-01   -0.65616E-01   -0.80466E-03    0.22943E-01    0.37557E-01   -0.74907E-02   -0.28109E-01   -0.61098E-02   -0.30778E-01   -0.87892E-02   -0.10665E-01   -0.56554E-01
    0.68841E-05   -0.22671E-04   -0.11542E-05    0.22452E-04    0.11484E-03   -0.34941E-04   -0.45302E+00    0.49762E-01   -0.10563E+01    0.68492E+00    0.13207E+01    0.55490E+00    0.59722E-03   -0.15384E-02    0.18008E-02    0.79936E-06    0.23425E-04    0.34543E-02   -0.94762E+00    0.40196E-02    0.80022E-02   -0.30129E+00   -0.16184E+00   -0.77241E-01   -0.22652E+00    0.48229E-01    0.46476E-01   -0.56072E-02   -0.16368E-02   -0.16038E-02    0.12974E-03    0.34131E-03    0.11337E-03    0.31486E-03   -0.37415E-03    0.53559E-03    0.17655E-02
    0.89614E-04   -0.22318E-03    0.24348E-04    0.23738E-02    0.21345E-02    0.51138E-02    0.15531E+01   -0.12459E+01   -0.36475E+02    0.13207E+01    0.25090E+02    0.19787E+01    0.20744E+00    0.19620E-01    0.32802E+00   -0.20405E-05   -0.12514E-04   -0.37907E+00   -0.45156E+01    0.16841E+00   -0.59145E+00   -0.16028E+02    0.81507E-01   -0.10337E+01   -0.11712E+02    0.56012E-01    0.69169E-01   -0.10504E-01   -0.70032E-02   -0.92882E-02   -0.13843E-05    0.58093E-02   -0.99273E-03    0.79544E-02    0.10186E-02   -0.17198E-02    0.20406E-01
    0.22571E-04   -0.34144E-04   -0.18249E-05    0.54478E-03    0.75629E-03    0.12550E-02   -0.12194E+02   -0.22604E+01    0.74994E+00    0.55490E+00    0.19787E+01    0.19911E+01    0.14952E-01    0.18116E-01    0.19636E-01    0.27120E-05   -0.79028E-04   -0.19560E+00   -0.24596E+01    0.38770E-01   -0.15410E+00   -0.10084E+01   -0.74142E+00   -0.17250E+00   -0.14798E+01    0.40578E-01    0.65573E-01   -0.27559E-02   -0.29314E-03    0.12262E-02    0.64994E-03   -0.30016E-02    0.52012E-03   -0.29386E-02    0.41060E-02    0.40164E-03   -0.24333E-02
   -0.12137E-05    0.28047E-05   -0.49521E-06   -0.24170E-04   -0.31913E-04   -0.47125E-04   -0.11284E+00    0.35565E-01   -0.36449E+00    0.59722E-03    0.20744E+00    0.14952E-01    0.49741E-02   -0.14679E-03    0.19987E-02   -0.49392E-07    0.20658E-06   -0.89242E-03   -0.14835E-01   -0.59675E-03   -0.84289E-03   -0.14807E+00   -0.63862E-02   -0.28084E-02   -0.10330E+00    0.18916E-03    0.13550E-02    0.40800E-03    0.27176E-04    0.98037E-04   -0.27321E-04   -0.37100E-05   -0.38667E-04    0.26119E-04    0.21069E-04   -0.49560E-04    0.17364E-03
   -0.15652E-06    0.79752E-06   -0.32176E-07   -0.58435E-06   -0.77405E-05   -0.20483E-05   -0.92576E-01    0.10825E-01   -0.20101E-01   -0.15384E-02    0.19620E-01    0.18116E-01   -0.14679E-03    0.22774E-02   -0.15271E-03    0.63032E-07    0.36607E-06   -0.38749E-03   -0.12264E-01   -0.12606E-03    0.53976E-02    0.17263E-02   -0.10719E-01    0.30199E-02    0.38845E-02    0.16990E-03    0.13434E-02   -0.43550E-03   -0.71833E-04   -0.10172E-03    0.45988E-05    0.23534E-04    0.77013E-06    0.20004E-04    0.56306E-04    0.37574E-05    0.61850E-04
    0.13706E-05   -0.13649E-05    0.66169E-07    0.37761E-04    0.42108E-04    0.95636E-04    0.97946E-01   -0.49249E-01   -0.41544E+00    0.18008E-02    0.32802E+00    0.19636E-01    0.19987E-02   -0.15271E-03    0.65816E-02   -0.76684E-08   -0.60300E-05   -0.49983E-02   -0.35478E-01    0.59935E-02   -0.11357E-01   -0.26504E+00    0.66946E-03   -0.14380E-01   -0.21168E+00   -0.21018E-03    0.47009E-03    0.31999E-03   -0.24714E-04    0.68211E-04    0.11564E-04   -0.23594E-05   -0.14172E-05    0.33843E-04    0.80403E-04   -0.17441E-04    0.15184E-03
    0.26683E-08   -0.31833E-07    0.44032E-08    0.40795E-07    0.12674E-07    0.62110E-07    0.62075E-03   -0.72056E-05    0.25064E-04    0.79936E-06   -0.20405E-05    0.27120E-05   -0.49392E-07    0.63032E-07   -0.76684E-08    0.15781E-06    0.31092E-08    0.18290E-06   -0.76655E-05   -0.19452E-04    0.17756E-05    0.52852E-05    0.33614E-05    0.82365E-06    0.44629E-05    0.13029E-06    0.67283E-07   -0.95776E-07    0.91435E-06   -0.98592E-07    0.23466E-07   -0.17830E-07    0.14954E-07   -0.23234E-07    0.30939E-08    0.42742E-07    0.24506E-07
   -0.56009E-08    0.76650E-07   -0.10476E-07   -0.40625E-07    0.24123E-06    0.76033E-06   -0.36550E-02   -0.74554E-03   -0.66641E-04    0.23425E-04   -0.12514E-04   -0.79028E-04    0.20658E-06    0.36607E-06   -0.60300E-05    0.31092E-08    0.18000E-05    0.96015E-05    0.56877E-04    0.11092E-03    0.35139E-04    0.28105E-03    0.45748E-04    0.25998E-04    0.37291E-03    0.10049E-05   -0.17708E-05   -0.14279E-05    0.18483E-05   -0.53371E-06    0.51679E-06    0.92257E-06    0.50255E-06    0.97029E-06    0.83690E-07    0.57963E-06    0.11551E-05
   -0.41874E-05   -0.31988E-06    0.52311E-06   -0.13385E-03   -0.13266E-03   -0.33280E-03    0.99446E+00    0.21645E+00    0.18322E-01    0.34543E-02   -0.37907E+00   -0.19560E+00   -0.89242E-03   -0.38749E-03   -0.49983E-02    0.18290E-06    0.96015E-05    0.62786E-01    0.37777E+00   -0.51556E-02    0.64261E-01    0.17880E+00    0.12381E-01    0.58305E-01    0.24933E+00    0.42580E-02    0.85228E-02    0.11978E-02   -0.18224E-03   -0.16426E-03    0.39959E-06    0.26087E-03    0.10678E-04    0.25978E-03   -0.27703E-03    0.20669E-03    0.58786E-03
   -0.57029E-04   -0.17643E-04    0.98441E-06   -0.18642E-02   -0.13570E-02   -0.42994E-02    0.88604E+01    0.99645E+00    0.52478E+00   -0.94762E+00   -0.45156E+01   -0.24596E+01   -0.14835E-01   -0.12264E-01   -0.35478E-01   -0.76655E-05    0.56877E-04    0.37777E+00    0.47589E+01   -0.41843E-01    0.18751E+00    0.17231E+01    0.30276E+00    0.34704E+00    0.23329E+01   -0.46297E-01   -0.27285E-01    0.19905E-01   -0.36124E-02   -0.67371E-02    0.30224E-03    0.31589E-02    0.49661E-03    0.30305E-02   -0.94705E-03    0.15438E-02    0.34894E-02
   -0.12454E-04    0.14658E-03   -0.11951E-04   -0.42245E-03   -0.28120E-03    0.39313E-04    0.18973E+02   -0.29114E-01    0.24593E-01    0.40196E-02    0.16841E+00    0.38770E-01   -0.59675E-03   -0.12606E-03    0.59935E-02   -0.19452E-04    0.11092E-03   -0.51556E-02   -0.41843E-01    0.30177E+00   -0.78030E-02   -0.16761E+00   -0.10430E-01   -0.92275E-02   -0.15249E+00    0.12800E-03    0.83900E-03    0.30675E-03    0.12485E-03    0.72096E-03    0.17296E-03   -0.22454E-04    0.19701E-03    0.56136E-05    0.20830E-03    0.10341E-03   -0.13429E-03
    0.10448E-04   -0.35140E-04    0.78520E-05    0.26155E-03    0.15296E-03    0.43288E-03    0.44717E+00    0.27980E+00    0.30665E+00    0.80022E-02   -0.59145E+00   -0.15410E+00   -0.84289E-03    0.53976E-02   -0.11357E-01    0.17756E-05    0.35139E-04    0.64261E-01    0.18751E+00   -0.78030E-02    0.34772E+00    0.35904E+00    0.50441E-01    0.16030E+00    0.68273E+00    0.84054E-02    0.11805E-01   -0.45511E-02   -0.18604E-02   -0.26599E-02    0.60122E-03   -0.33020E-05    0.72103E-03    0.11700E-04   -0.54227E-03    0.10182E-03    0.13002E-02
    0.55238E-04   -0.33385E-03    0.70510E-04    0.10849E-02    0.84865E-03    0.95750E-03   -0.36103E+01   -0.57409E+00    0.20971E+02   -0.30129E+00   -0.16028E+02   -0.10084E+01   -0.14807E+00    0.17263E-02   -0.26504E+00    0.52852E-05    0.28105E-03    0.17880E+00    0.17231E+01   -0.16761E+00    0.35904E+00    0.20463E+02    0.12611E+00    0.63286E+00    0.96383E+01   -0.11887E-01   -0.55957E-01   -0.14815E-01    0.14172E-01    0.15983E-01    0.11964E-02    0.22527E-01    0.21098E-02    0.14481E-01   -0.12251E-02    0.29723E-02   -0.84469E-02
    0.22983E-04   -0.73512E-04    0.20919E-04    0.74505E-03    0.33021E-03    0.13951E-02    0.61587E+01    0.96916E+00   -0.11384E+01   -0.16184E+00    0.81507E-01   -0.74142E+00   -0.63862E-02   -0.10719E-01    0.66946E-03    0.33614E-05    0.45748E-04    0.12381E-01    0.30276E+00   -0.10430E-01    0.50441E-01    0.12611E+00    0.21260E+01    0.21992E-01    0.29663E+00   -0.83650E-01   -0.99489E-01   -0.41356E-02    0.97286E-04   -0.13909E-02   -0.48307E-03    0.14646E-02   -0.42797E-03    0.13968E-02    0.15730E-03   -0.28139E-04    0.84505E-03
    0.19590E-04   -0.75414E-04    0.14018E-04    0.49373E-03    0.30529E-03    0.80042E-03   -0.43681E+00   -0.15983E+00    0.74749E+00   -0.77241E-01   -0.10337E+01   -0.17250E+00   -0.28084E-02    0.30199E-02   -0.14380E-01    0.82365E-06    0.25998E-04    0.58305E-01    0.34704E+00   -0.92275E-02    0.16030E+00    0.63286E+00    0.21992E-01    0.26031E+00    0.60386E+00    0.21810E-02    0.99985E-02    0.36307E-03    0.18038E-02    0.16718E-02    0.12340E-03   -0.86871E-04    0.13530E-03   -0.98959E-04    0.29786E-03    0.23284E-03   -0.14935E-04
    0.71344E-04   -0.39340E-03    0.87252E-04    0.12094E-02    0.90972E-03    0.10031E-02    0.20335E+00   -0.42826E+00    0.11938E+02   -0.22652E+00   -0.11712E+02   -0.14798E+01   -0.10330E+00    0.38845E-02   -0.21168E+00    0.44629E-05    0.37291E-03    0.24933E+00    0.23329E+01   -0.15249E+00    0.68273E+00    0.96383E+01    0.29663E+00    0.60386E+00    0.20217E+02   -0.84807E-02   -0.78995E-01   -0.27286E-01   -0.66285E-02   -0.82873E-02    0.16823E-02    0.31842E-02    0.18667E-02    0.19626E-02   -0.58933E-03    0.49390E-02    0.29442E-01
   -0.14428E-06   -0.93833E-07   -0.77846E-06   -0.10012E-04   -0.43419E-05   -0.28298E-04   -0.11649E+00    0.46230E-03   -0.32232E-01    0.48229E-01    0.56012E-01    0.40578E-01    0.18916E-03    0.16990E-03   -0.21018E-03    0.13029E-06    0.10049E-05    0.42580E-02   -0.46297E-01    0.12800E-03    0.84054E-02   -0.11887E-01   -0.83650E-01    0.21810E-02   -0.84807E-02    0.80420E-02    0.75448E-02   -0.26383E-03   -0.81827E-04   -0.40160E-06    0.18149E-04   -0.16941E-04    0.14853E-04   -0.12017E-04   -0.51204E-04    0.35781E-04    0.11710E-03
   -0.33072E-06   -0.14918E-05   -0.80436E-06   -0.22587E-04   -0.73422E-05   -0.58044E-04   -0.45113E+00   -0.57548E-01   -0.65616E-01    0.46476E-01    0.69169E-01    0.65573E-01    0.13550E-02    0.13434E-02    0.47009E-03    0.67283E-07   -0.17708E-05    0.85228E-02   -0.27285E-01    0.83900E-03    0.11805E-01   -0.55957E-01   -0.99489E-01    0.99985E-02   -0.78995E-01    0.75448E-02    0.13828E-01    0.43933E-03   -0.32722E-04    0.26738E-03    0.39925E-04   -0.84403E-04    0.29311E-04   -0.67093E-04    0.90075E-04    0.94071E-04   -0.59553E-04
   -0.18428E-06    0.11598E-06   -0.12934E-06   -0.75748E-05   -0.17718E-05   -0.14801E-04   -0.72961E-01   -0.28242E-01   -0.80466E-03   -0.56072E-02   -0.10504E-01   -0.27559E-02    0.40800E-03   -0.43550E-03    0.31999E-03   -0.95776E-07   -0.14279E-05    0.11978E-02    0.19905E-01    0.30675E-03   -0.45511E-02   -0.14815E-01   -0.41356E-02    0.36307E-03   -0.27286E-01   -0.26383E-03    0.43933E-03    0.55800E-03    0.45480E-04    0.78883E-04    0.28129E-05   -0.23262E-04    0.56036E-05   -0.20602E-04    0.47395E-04    0.16072E-04   -0.75760E-04
   -0.33549E-06    0.24096E-05   -0.71695E-06   -0.24808E-04   -0.86152E-05   -0.40906E-04    0.62917E-01    0.14290E-01    0.22943E-01   -0.16368E-02   -0.70032E-02   -0.29314E-03    0.27176E-04   -0.71833E-04   -0.24714E-04    0.91435E-06    0.18483E-05   -0.18224E-03   -0.36124E-02    0.12485E-03   -0.18604E-02    0.14172E-01    0.97286E-04    0.18038E-02   -0.66285E-02   -0.81827E-04   -0.32722E-04    0.45480E-04    0.36082E-01    0.46955E-03    0.13392E-03    0.11233E-03   -0.34945E-04    0.11483E-04   -0.36554E-04   -0.31721E-04   -0.69562E-04
   -0.66028E-06    0.58152E-05   -0.75510E-06    0.85269E-05   -0.12038E-04    0.35327E-04    0.18227E-01    0.21259E-01    0.37557E-01   -0.16038E-02   -0.92882E-02    0.12262E-02    0.98037E-04   -0.10172E-03    0.68211E-04   -0.98592E-07   -0.53371E-06   -0.16426E-03   -0.67371E-02    0.72096E-03   -0.26599E-02    0.15983E-01   -0.13909E-02    0.16718E-02   -0.82873E-02   -0.40160E-06    0.26738E-03    0.78883E-04    0.46955E-03    0.39034E-01   -0.37820E-04   -0.18969E-05    0.16292E-03    0.10380E-03   -0.33847E-05   -0.43323E-04   -0.70882E-04
    0.39190E-06   -0.18140E-05    0.29792E-06    0.73680E-05    0.97651E-05    0.12210E-04   -0.22700E-01   -0.13005E-01   -0.74907E-02    0.12974E-03   -0.13843E-05    0.64994E-03   -0.27321E-04    0.45988E-05    0.11564E-04    0.23466E-07    0.51679E-06    0.39959E-06    0.30224E-03    0.17296E-03    0.60122E-03    0.11964E-02   -0.48307E-03    0.12340E-03    0.16823E-02    0.18149E-04    0.39925E-04    0.28129E-05    0.13392E-03   -0.37820E-04    0.52974E-04    0.78043E-05    0.11210E-04    0.69442E-05    0.11268E-04    0.95523E-05    0.90319E-05
    0.45234E-06   -0.19221E-05    0.36644E-06    0.95970E-05    0.90127E-05    0.15429E-04    0.93256E-02   -0.75720E-02   -0.28109E-01    0.34131E-03    0.58093E-02   -0.30016E-02   -0.37100E-05    0.23534E-04   -0.23594E-05   -0.17830E-07    0.92257E-06    0.26087E-03    0.31589E-02   -0.22454E-04   -0.33020E-05    0.22527E-01    0.14646E-02   -0.86871E-04    0.31842E-02   -0.16941E-04   -0.84403E-04   -0.23262E-04    0.11233E-03   -0.18969E-05    0.78043E-05    0.18110E-03    0.89506E-05    0.67961E-04    0.66201E-06    0.10681E-04    0.30436E-04
    0.38658E-06   -0.15178E-05    0.21723E-06    0.86158E-05    0.91105E-05    0.15532E-04   -0.23890E-01   -0.13466E-01   -0.61098E-02    0.11337E-03   -0.99273E-03    0.52012E-03   -0.38667E-04    0.77013E-06   -0.14172E-05    0.14954E-07    0.50255E-06    0.10678E-04    0.49661E-03    0.19701E-03    0.72103E-03    0.21098E-02   -0.42797E-03    0.13530E-03    0.18667E-02    0.14853E-04    0.29311E-04    0.56036E-05   -0.34945E-04    0.16292E-03    0.11210E-04    0.89506E-05    0.51636E-04    0.84805E-05    0.11804E-04    0.10268E-04    0.59039E-05
    0.44205E-06   -0.20198E-05    0.31816E-06    0.87067E-05    0.85630E-05    0.13441E-04    0.10812E-01   -0.66064E-02   -0.30778E-01    0.31486E-03    0.79544E-02   -0.29386E-02    0.26119E-04    0.20004E-04    0.33843E-04   -0.23234E-07    0.97029E-06    0.25978E-03    0.30305E-02    0.56136E-05    0.11700E-04    0.14481E-01    0.13968E-02   -0.98959E-04    0.19626E-02   -0.12017E-04   -0.67093E-04   -0.20602E-04    0.11483E-04    0.10380E-03    0.69442E-05    0.67961E-04    0.84805E-05    0.10683E-03    0.47285E-06    0.98601E-05    0.30222E-04
    0.72013E-06   -0.29335E-05    0.44656E-06    0.15310E-04    0.15829E-04    0.25502E-04   -0.63935E-01   -0.27513E-01   -0.87892E-02   -0.37415E-03    0.10186E-02    0.41060E-02    0.21069E-04    0.56306E-04    0.80403E-04    0.30939E-08    0.83690E-07   -0.27703E-03   -0.94705E-03    0.20830E-03   -0.54227E-03   -0.12251E-02    0.15730E-03    0.29786E-03   -0.58933E-03   -0.51204E-04    0.90075E-04    0.47395E-04   -0.36554E-04   -0.33847E-05    0.11268E-04    0.66201E-06    0.11804E-04    0.47285E-06    0.38256E-03    0.31465E-04    0.49683E-05
    0.72142E-06   -0.32122E-05    0.52322E-06    0.15244E-04    0.14674E-04    0.24356E-04   -0.28178E-01   -0.18222E-01   -0.10665E-01    0.53559E-03   -0.17198E-02    0.40164E-03   -0.49560E-04    0.37574E-05   -0.17441E-04    0.42742E-07    0.57963E-06    0.20669E-03    0.15438E-02    0.10341E-03    0.10182E-03    0.29723E-02   -0.28139E-04    0.23284E-03    0.49390E-02    0.35781E-04    0.94071E-04    0.16072E-04   -0.31721E-04   -0.43323E-04    0.95523E-05    0.10681E-04    0.10268E-04    0.98601E-05    0.31465E-04    0.90917E-04    0.25708E-04
    0.59261E-06   -0.32231E-05    0.60652E-06    0.10756E-04    0.11460E-04    0.13783E-04    0.28622E-02   -0.79450E-02   -0.56554E-01    0.17655E-02    0.20406E-01   -0.24333E-02    0.17364E-03    0.61850E-04    0.15184E-03    0.24506E-07    0.11551E-05    0.58786E-03    0.34894E-02   -0.13429E-03    0.13002E-02   -0.84469E-02    0.84505E-03   -0.14935E-04    0.29442E-01    0.11710E-03   -0.59553E-04   -0.75760E-04   -0.69562E-04   -0.70882E-04    0.90319E-05    0.30436E-04    0.59039E-05    0.30222E-04    0.49683E-05    0.25708E-04    0.53628E-03
