# omegabh2 omegach2 theta ns logA czero_psEE_150 czero_psEE_90
    0.14458E-05   -0.38292E-05   -0.21624E-06   -0.11550E-04    0.85740E-05   -0.10566E-03   -0.82216E-04
   -0.38292E-05    0.34977E-04   -0.50949E-06   -0.21413E-04    0.51817E-04    0.19558E-03    0.26961E-03
   -0.21624E-06   -0.50949E-06    0.11681E-05    0.45286E-05   -0.49177E-05    0.30612E-04    0.34730E-04
   -0.11550E-04   -0.21413E-04    0.45286E-05    0.42462E-03   -0.31186E-03    0.23904E-03    0.52885E-04
    0.85740E-05    0.51817E-04   -0.49177E-05   -0.31186E-03    0.35909E-03   -0.84043E-03   -0.49747E-03
   -0.10566E-03    0.19558E-03    0.30612E-04    0.23904E-03   -0.84043E-03    0.29557E-01    0.86895E-02
   -0.82216E-04    0.26961E-03    0.34730E-04    0.52885E-04   -0.49747E-03    0.86895E-02    0.16068E+00
