# omegabh2 omegach2 theta ns logA czero_psEE_150 czero_psEE_90
    0.38436E-05   -0.16790E-04   -0.81231E-06   -0.83509E-04    0.34512E-04   -0.28196E-03   -0.26931E-03
   -0.16790E-04    0.37398E-03   -0.96080E-05    0.12342E-03    0.43991E-03   -0.28901E-03   -0.45849E-03
   -0.81231E-06   -0.96080E-05    0.59960E-05    0.42558E-04   -0.37624E-04    0.18622E-03    0.27214E-03
   -0.83509E-04    0.12342E-03    0.42558E-04    0.34837E-02   -0.20831E-02    0.36852E-02    0.37864E-02
    0.34512E-04    0.43991E-03   -0.37624E-04   -0.20831E-02    0.22771E-02   -0.47683E-02   -0.72947E-02
   -0.28196E-03   -0.28901E-03    0.18622E-03    0.36852E-02   -0.47683E-02    0.96858E-01    0.57453E-01
   -0.26931E-03   -0.45849E-03    0.27214E-03    0.37864E-02   -0.72947E-02    0.57453E-01    0.21311E+01
