# omegabh2 omegach2 theta ns logA czero_psEE_150 czero_psEE_90 aps100 aps143 aps217 acib143 acib217 asz143 psr cibr ncib cal0 cal2 xi aksz bm_1_1
    0.60742E-07   -0.27613E-06    0.60862E-07    0.69624E-06   -0.49283E-06   -0.64807E-05   -0.38969E-04    0.12226E-02   -0.32817E-03   -0.15533E-02   -0.24997E-04    0.47198E-03   -0.46145E-04    0.75971E-06    0.14022E-05    0.44707E-05   -0.76431E-08    0.72141E-07    0.17239E-05   -0.30535E-04    0.11645E-04
   -0.27613E-06    0.57167E-05   -0.52107E-06   -0.10030E-04    0.13843E-04    0.35917E-04    0.19553E-03   -0.13162E-01    0.36364E-02    0.13407E-01   -0.21454E-02   -0.44912E-02    0.98173E-03    0.19588E-04   -0.80323E-04   -0.52127E-05    0.57118E-07   -0.49324E-06   -0.10112E-03   -0.90206E-03    0.11078E-03
    0.60862E-07   -0.52107E-06    0.36247E-06    0.14418E-05   -0.97225E-06    0.15581E-06    0.29935E-04    0.11528E-02   -0.35937E-03   -0.18645E-02    0.23121E-03    0.56863E-03   -0.12111E-03   -0.25113E-05    0.10557E-04    0.17942E-06   -0.22780E-07    0.58442E-07    0.11329E-04    0.77156E-04   -0.13304E-04
    0.69624E-06   -0.10030E-04    0.14418E-05    0.32932E-04   -0.24701E-04   -0.21075E-03    0.11774E-03   -0.37568E-01   -0.13427E-01   -0.14246E-01   -0.44922E-03   -0.86381E-04   -0.88492E-03   -0.41508E-04    0.64895E-04   -0.10080E-04   -0.20537E-06    0.21786E-05    0.17127E-03    0.15841E-02    0.10464E-04
   -0.49283E-06    0.13843E-04   -0.97225E-06   -0.24701E-04    0.42302E-04    0.29873E-04    0.61079E-03   -0.71570E-01    0.10900E-01    0.50283E-01   -0.11268E-01   -0.18664E-01    0.40733E-02    0.11175E-03   -0.38064E-03    0.86769E-05    0.22366E-06   -0.44008E-06   -0.35631E-03   -0.37703E-02    0.97865E-03
   -0.64807E-05    0.35917E-04    0.15581E-06   -0.21075E-03    0.29873E-04    0.45894E-01   -0.16311E-01    0.77077E+00    0.10554E+00    0.44372E-01    0.84030E-01    0.63822E-01   -0.44087E-02    0.20890E-03    0.19569E-02   -0.31807E-03    0.20533E-05   -0.31685E-04    0.11242E-02   -0.11405E-02   -0.79717E-02
   -0.38969E-04    0.19553E-03    0.29935E-04    0.11774E-03    0.61079E-03   -0.16311E-01    0.11955E+01   -0.24927E+02    0.31125E+00    0.11619E+01   -0.11925E+01   -0.99977E+00    0.40093E+00    0.37890E-02   -0.71634E-02   -0.74928E-02   -0.10074E-03    0.61167E-04   -0.88302E-02    0.32322E+00   -0.67049E-01
    0.12226E-02   -0.13162E-01    0.11528E-02   -0.37568E-01   -0.71570E-01    0.77077E+00   -0.24927E+02    0.30365E+04    0.75526E+02   -0.37120E+03    0.14808E+03    0.21790E+03   -0.82406E+02   -0.12516E+01    0.23233E+01    0.39840E+00    0.40419E-02   -0.83713E-02    0.90243E+00   -0.42013E+02    0.68950E+00
   -0.32817E-03    0.36364E-02   -0.35937E-03   -0.13427E-01    0.10900E-01    0.10554E+00    0.31125E+00    0.75526E+02    0.20670E+03   -0.39534E+02   -0.46818E+02    0.41417E+02    0.25730E+01   -0.21180E+00   -0.75758E-01    0.38252E+00    0.45149E-03   -0.36323E-02   -0.33584E+00   -0.25887E+02   -0.80752E+00
   -0.15533E-02    0.13407E-01   -0.18645E-02   -0.14246E-01    0.50283E-01    0.44372E-01    0.11619E+01   -0.37120E+03   -0.39534E+02    0.47394E+03   -0.33663E+02   -0.19154E+03    0.27611E+02    0.74108E+00   -0.22231E+01   -0.78759E+00    0.44321E-03   -0.60175E-02   -0.17389E+01   -0.49746E+01    0.44281E+01
   -0.24997E-04   -0.21454E-02    0.23121E-03   -0.44922E-03   -0.11268E-01    0.84030E-01   -0.11925E+01    0.14808E+03   -0.46818E+02   -0.33663E+02    0.33118E+02    0.12381E+02   -0.93748E+01   -0.11265E+00    0.33370E+00   -0.61551E-01    0.30869E-04    0.12065E-03    0.46602E+00    0.53570E+01   -0.60002E+00
    0.47198E-03   -0.44912E-02    0.56863E-03   -0.86381E-04   -0.18664E-01    0.63822E-01   -0.99977E+00    0.21790E+03    0.41417E+02   -0.19154E+03    0.12381E+02    0.87408E+02   -0.12340E+02   -0.29671E+00    0.91363E+00    0.44484E+00   -0.26280E-04    0.20178E-02    0.56228E+00   -0.26138E+01   -0.18261E+01
   -0.46145E-04    0.98173E-03   -0.12111E-03   -0.88492E-03    0.40733E-02   -0.44087E-02    0.40093E+00   -0.82406E+02    0.25730E+01    0.27611E+02   -0.93748E+01   -0.12340E+02    0.73979E+01    0.82932E-01   -0.99833E-01   -0.21819E-01    0.13634E-05   -0.59566E-03   -0.12655E+00   -0.11835E+00    0.50417E+00
    0.75971E-06    0.19588E-04   -0.25113E-05   -0.41508E-04    0.11175E-03    0.20890E-03    0.37890E-02   -0.12516E+01   -0.21180E+00    0.74108E+00   -0.11265E+00   -0.29671E+00    0.82932E-01    0.67938E-02   -0.63297E-02    0.10884E-02   -0.74830E-06    0.64996E-05   -0.50198E-02    0.25918E-01    0.11993E-01
    0.14022E-05   -0.80323E-04    0.10557E-04    0.64895E-04   -0.38064E-03    0.19569E-02   -0.71634E-02    0.23233E+01   -0.75758E-01   -0.22231E+01    0.33370E+00    0.91363E+00   -0.99833E-01   -0.63297E-02    0.20562E-01   -0.45308E-04   -0.56684E-05    0.69993E-05    0.12411E-01    0.53169E-01   -0.25019E-01
    0.44707E-05   -0.52127E-05    0.17942E-06   -0.10080E-04    0.86769E-05   -0.31807E-03   -0.74928E-02    0.39840E+00    0.38252E+00   -0.78759E+00   -0.61551E-01    0.44484E+00   -0.21819E-01    0.10884E-02   -0.45308E-04    0.76510E-02    0.26112E-05    0.30055E-04    0.17883E-03   -0.28651E-01   -0.58893E-03
   -0.76431E-08    0.57118E-07   -0.22780E-07   -0.20537E-06    0.22366E-06    0.20533E-05   -0.10074E-03    0.40419E-02    0.45149E-03    0.44321E-03    0.30869E-04   -0.26280E-04    0.13634E-05   -0.74830E-06   -0.56684E-05    0.26112E-05    0.15509E-06   -0.36544E-07   -0.41941E-05   -0.16984E-03    0.19602E-04
    0.72141E-07   -0.49324E-06    0.58442E-07    0.21786E-05   -0.44008E-06   -0.31685E-04    0.61167E-04   -0.83713E-02   -0.36323E-02   -0.60175E-02    0.12065E-03    0.20178E-02   -0.59566E-03    0.64996E-05    0.69993E-05    0.30055E-04   -0.36544E-07    0.16325E-05    0.17288E-04    0.53733E-03    0.81443E-04
    0.17239E-05   -0.10112E-03    0.11329E-04    0.17127E-03   -0.35631E-03    0.11242E-02   -0.88302E-02    0.90243E+00   -0.33584E+00   -0.17389E+01    0.46602E+00    0.56228E+00   -0.12655E+00   -0.50198E-02    0.12411E-01    0.17883E-03   -0.41941E-05    0.17288E-04    0.42203E-01    0.17982E+00   -0.13417E-01
   -0.30535E-04   -0.90206E-03    0.77156E-04    0.15841E-02   -0.37703E-02   -0.11405E-02    0.32322E+00   -0.42013E+02   -0.25887E+02   -0.49746E+01    0.53570E+01   -0.26138E+01   -0.11835E+00    0.25918E-01    0.53169E-01   -0.28651E-01   -0.16984E-03    0.53733E-03    0.17982E+00    0.64947E+01   -0.14281E+00
    0.11645E-04    0.11078E-03   -0.13304E-04    0.10464E-04    0.97865E-03   -0.79717E-02   -0.67049E-01    0.68950E+00   -0.80752E+00    0.44281E+01   -0.60002E+00   -0.18261E+01    0.50417E+00    0.11993E-01   -0.25019E-01   -0.58893E-03    0.19602E-04    0.81443E-04   -0.13417E-01   -0.14281E+00    0.21133E+00
