# omegabh2 omegach2 theta ns logA czero_psEE_150 czero_psEE_90
    0.20603E-06   -0.37799E-06   -0.42688E-07   -0.91075E-06    0.18046E-05   -0.29993E-04   -0.67253E-04
   -0.37799E-06    0.16101E-04   -0.82221E-06   -0.37796E-04    0.49639E-04   -0.16763E-05   -0.18535E-02
   -0.42688E-07   -0.82221E-06    0.58206E-06    0.35892E-05   -0.33766E-05    0.11507E-04    0.23389E-03
   -0.91075E-06   -0.37796E-04    0.35892E-05    0.28316E-03   -0.21012E-03   -0.54199E-03    0.10399E-01
    0.18046E-05    0.49639E-04   -0.33766E-05   -0.21012E-03    0.27364E-03   -0.57336E-03   -0.10745E-01
   -0.29993E-04   -0.16763E-05    0.11507E-04   -0.54199E-03   -0.57336E-03    0.60820E-01    0.18700E-01
   -0.67253E-04   -0.18535E-02    0.23389E-03    0.10399E-01   -0.10745E-01    0.18700E-01    0.85392E+01
