# omegabh2 omegach2 theta ns logA czero_psEE_150 czero_psEE_90
    0.29020E-05   -0.12529E-04   -0.27572E-06   -0.32853E-04    0.10343E-04   -0.22164E-03   -0.10450E-03
   -0.12529E-04    0.29772E-03   -0.12043E-04   -0.20389E-03    0.55191E-03   -0.21336E-03   -0.63194E-03
   -0.27572E-06   -0.12043E-04    0.53605E-05    0.35279E-04   -0.37624E-04    0.12748E-03    0.12980E-03
   -0.32853E-04   -0.20389E-03    0.35279E-04    0.20518E-02   -0.15964E-02    0.12816E-02    0.15303E-02
    0.10343E-04    0.55191E-03   -0.37624E-04   -0.15964E-02    0.21078E-02   -0.34735E-02   -0.51035E-02
   -0.22164E-03   -0.21336E-03    0.12748E-03    0.12816E-02   -0.34735E-02    0.86781E-01    0.24811E-01
   -0.10450E-03   -0.63194E-03    0.12980E-03    0.15303E-02   -0.51035E-02    0.24811E-01    0.14476E+01
