# omegabh2 omegach2 theta ns logA czero_psEE_150 czero_psEE_90
    0.11831E-05    0.58350E-06   -0.33400E-06   -0.14940E-04    0.17269E-04   -0.17340E-03    0.13525E-03
    0.58350E-06    0.17216E-03   -0.11788E-04   -0.17694E-03    0.37216E-03   -0.10130E-02   -0.36917E-03
   -0.33400E-06   -0.11788E-04    0.39601E-05    0.20197E-04   -0.29352E-04    0.16136E-03   -0.45868E-04
   -0.14940E-04   -0.17694E-03    0.20197E-04    0.19964E-02   -0.15761E-02   -0.13509E-03   -0.77151E-02
    0.17269E-04    0.37216E-03   -0.29352E-04   -0.15761E-02    0.20053E-02   -0.47677E-02    0.66695E-02
   -0.17340E-03   -0.10130E-02    0.16136E-03   -0.13509E-03   -0.47677E-02    0.15316E+00   -0.13861E-01
    0.13525E-03   -0.36917E-03   -0.45868E-04   -0.77151E-02    0.66695E-02   -0.13861E-01    0.80768E+01
