# omegabh2 omegach2 theta ns logA czero_psEE_150 czero_psEE_90
    0.24390E-05   -0.10192E-04    0.22818E-05   -0.17168E-04    0.76141E-05    0.12067E-03    0.45623E-04
   -0.10192E-04    0.14845E-03   -0.99644E-05   -0.13130E-03    0.18380E-03   -0.93836E-03   -0.16575E-02
    0.22818E-05   -0.99644E-05    0.91547E-05    0.53618E-05    0.11531E-04   -0.57744E-03    0.63062E-04
   -0.17168E-04   -0.13130E-03    0.53618E-05    0.97276E-03   -0.81067E-03    0.75165E-03    0.29583E-02
    0.76141E-05    0.18380E-03    0.11531E-04   -0.81067E-03    0.86061E-03   -0.46094E-02   -0.33704E-02
    0.12067E-03   -0.93836E-03   -0.57744E-03    0.75165E-03   -0.46094E-02    0.86848E+01    0.27329E+00
    0.45623E-04   -0.16575E-02    0.63062E-04    0.29583E-02   -0.33704E-02    0.27329E+00    0.81836E+01
