# omegabh2 omegach2 theta ns logA czero_psEE_150 czero_psEE_90 aps100 aps143 aps217 acib143 acib217 asz143 psr cibr ncib cal0 cal2 xi aksz bm_1_1
    0.45821E-07   -0.29182E-06    0.55613E-07    0.70245E-06   -0.70955E-06   -0.30966E-05   -0.14275E-04   -0.11135E-02   -0.62855E-03   -0.45500E-03   -0.17282E-03   -0.10230E-03    0.13490E-04    0.61001E-05    0.10312E-06   -0.21707E-05   -0.70145E-08   -0.36431E-07    0.96502E-05    0.14679E-03   -0.16782E-04
   -0.29182E-06    0.59529E-05   -0.63786E-06   -0.12122E-04    0.14529E-04   -0.51763E-05   -0.77444E-03    0.22326E-01    0.61649E-02    0.23117E-04    0.10848E-02    0.25779E-02   -0.84569E-03   -0.48499E-04    0.58752E-05    0.18331E-04    0.66968E-07   -0.99404E-07   -0.10151E-03   -0.21384E-02    0.88191E-04
    0.55613E-07   -0.63786E-06    0.38701E-06    0.17067E-05   -0.12006E-05    0.38622E-05    0.26649E-04   -0.14384E-02   -0.62240E-03   -0.10726E-03   -0.13962E-03   -0.31857E-03    0.64872E-04    0.66417E-05   -0.21672E-05   -0.34155E-05    0.51801E-08   -0.39171E-07    0.13026E-04    0.26845E-03    0.14533E-04
    0.70245E-06   -0.12122E-04    0.17067E-05    0.36044E-04   -0.33431E-04   -0.26899E-04    0.27936E-02   -0.52284E-01   -0.15625E-01    0.20882E-02   -0.40387E-02   -0.62757E-02    0.11558E-02    0.80325E-04   -0.58057E-04   -0.33632E-05   -0.83199E-07    0.69226E-06    0.82599E-04    0.36213E-02   -0.47327E-03
   -0.70955E-06    0.14529E-04   -0.12006E-05   -0.33431E-04    0.41454E-04    0.66310E-05   -0.21143E-02    0.54138E-01    0.16833E-01    0.32666E-03    0.16678E-02    0.54736E-02   -0.25231E-02   -0.10412E-03    0.93709E-05    0.29046E-04    0.34843E-06   -0.40448E-06   -0.21828E-03   -0.53562E-02    0.42621E-03
   -0.30966E-05   -0.51763E-05    0.38622E-05   -0.26899E-04    0.66310E-05    0.35721E-01    0.62361E-02   -0.58560E-01    0.72897E-01    0.10911E+00   -0.28158E-01   -0.52136E-02    0.47850E-02   -0.39675E-03    0.11701E-02    0.94098E-03   -0.22589E-05   -0.49874E-05    0.39384E-02    0.86643E-02    0.58977E-02
   -0.14275E-04   -0.77444E-03    0.26649E-04    0.27936E-02   -0.21143E-02    0.62361E-02    0.61646E+01   -0.12588E+02   -0.37093E+01    0.65884E+01   -0.38061E+01   -0.27454E+01    0.42004E+00   -0.59048E-03    0.44840E-02    0.91268E-02    0.10396E-03    0.11683E-02   -0.11879E+00    0.55358E+00   -0.17981E+00
   -0.11135E-02    0.22326E-01   -0.14384E-02   -0.52284E-01    0.54138E-01   -0.58560E-01   -0.12588E+02    0.75508E+03    0.92103E+02   -0.25198E+02    0.19809E+02    0.64335E+02   -0.20786E+02   -0.53244E+00   -0.39119E+00    0.27296E+00    0.36352E-02   -0.59093E-02   -0.40462E+01   -0.41401E+02    0.25547E+00
   -0.62855E-03    0.61649E-02   -0.62240E-03   -0.15625E-01    0.16833E-01    0.72897E-01   -0.37093E+01    0.92103E+02    0.43045E+02    0.33431E+01    0.42917E+01    0.10890E+02   -0.46910E+01   -0.18812E+00   -0.64702E-01    0.80071E-01    0.86437E-03   -0.16541E-02   -0.69244E+00   -0.10242E+02    0.74665E-01
   -0.45500E-03    0.23117E-04   -0.10726E-03    0.20882E-02    0.32666E-03    0.10911E+00    0.65884E+01   -0.25198E+02    0.33431E+01    0.39877E+02   -0.48024E+01   -0.88196E+01    0.71221E-01   -0.13879E+00   -0.19790E-01    0.97195E-01    0.13066E-03    0.30957E-02    0.36548E-01    0.32146E+00    0.15983E+00
   -0.17282E-03    0.10848E-02   -0.13962E-03   -0.40387E-02    0.16678E-02   -0.28158E-01   -0.38061E+01    0.19809E+02    0.42917E+01   -0.48024E+01    0.11209E+02    0.47449E+01    0.15565E+01   -0.48916E-01   -0.61508E-03    0.38025E-01   -0.42868E-03   -0.43956E-03    0.29128E+00   -0.34302E+00    0.65775E+00
   -0.10230E-03    0.25779E-02   -0.31857E-03   -0.62757E-02    0.54736E-02   -0.52136E-02   -0.27454E+01    0.64335E+02    0.10890E+02   -0.88196E+01    0.47449E+01    0.11563E+02   -0.21716E+01   -0.96271E-01   -0.61588E-02    0.70387E-01    0.14090E-03   -0.15537E-02   -0.46508E+00   -0.51733E+01   -0.11744E+00
    0.13490E-04   -0.84569E-03    0.64872E-04    0.11558E-02   -0.25231E-02    0.47850E-02    0.42004E+00   -0.20786E+02   -0.46910E+01    0.71221E-01    0.15565E+01   -0.21716E+01    0.25084E+01    0.31282E-01    0.49795E-01    0.99153E-03   -0.45039E-03    0.62051E-03    0.32332E+00    0.29386E+01    0.37114E+00
    0.61001E-05   -0.48499E-04    0.66417E-05    0.80325E-04   -0.10412E-03   -0.39675E-03   -0.59048E-03   -0.53244E+00   -0.18812E+00   -0.13879E+00   -0.48916E-01   -0.96271E-01    0.31282E-01    0.41203E-02    0.94336E-04   -0.20375E-02   -0.56517E-05   -0.39956E-05    0.85346E-02    0.74024E-01    0.28719E-02
    0.10312E-06    0.58752E-05   -0.21672E-05   -0.58057E-04    0.93709E-05    0.11701E-02    0.44840E-02   -0.39119E+00   -0.64702E-01   -0.19790E-01   -0.61508E-03   -0.61588E-02    0.49795E-01    0.94336E-04    0.33806E-02    0.22640E-03   -0.11662E-04    0.46091E-05    0.78379E-02    0.59655E-01    0.56550E-02
   -0.21707E-05    0.18331E-04   -0.34155E-05   -0.33632E-05    0.29046E-04    0.94098E-03    0.91268E-02    0.27296E+00    0.80071E-01    0.97195E-01    0.38025E-01    0.70387E-01    0.99153E-03   -0.20375E-02    0.22640E-03    0.32785E-02   -0.79622E-05   -0.71979E-06    0.24891E-03   -0.21890E-01    0.41937E-02
   -0.70145E-08    0.66968E-07    0.51801E-08   -0.83199E-07    0.34843E-06   -0.22589E-05    0.10396E-03    0.36352E-02    0.86437E-03    0.13066E-03   -0.42868E-03    0.14090E-03   -0.45039E-03   -0.56517E-05   -0.11662E-04   -0.79622E-05    0.17841E-06    0.15073E-07   -0.90357E-04   -0.53974E-03   -0.74648E-04
   -0.36431E-07   -0.99404E-07   -0.39171E-07    0.69226E-06   -0.40448E-06   -0.49874E-05    0.11683E-02   -0.59093E-02   -0.16541E-02    0.30957E-02   -0.43956E-03   -0.15537E-02    0.62051E-03   -0.39956E-05    0.46091E-05   -0.71979E-06    0.15073E-07    0.13460E-05   -0.18001E-05    0.70520E-03    0.57922E-04
    0.96502E-05   -0.10151E-03    0.13026E-04    0.82599E-04   -0.21828E-03    0.39384E-02   -0.11879E+00   -0.40462E+01   -0.69244E+00    0.36548E-01    0.29128E+00   -0.46508E+00    0.32332E+00    0.85346E-02    0.78379E-02    0.24891E-03   -0.90357E-04   -0.18001E-05    0.94083E-01    0.48253E+00    0.65496E-01
    0.14679E-03   -0.21384E-02    0.26845E-03    0.36213E-02   -0.53562E-02    0.86643E-02    0.55358E+00   -0.41401E+02   -0.10242E+02    0.32146E+00   -0.34302E+00   -0.51733E+01    0.29386E+01    0.74024E-01    0.59655E-01   -0.21890E-01   -0.53974E-03    0.70520E-03    0.48253E+00    0.51459E+01    0.34446E+00
   -0.16782E-04    0.88191E-04    0.14533E-04   -0.47327E-03    0.42621E-03    0.58977E-02   -0.17981E+00    0.25547E+00    0.74665E-01    0.15983E+00    0.65775E+00   -0.11744E+00    0.37114E+00    0.28719E-02    0.56550E-02    0.41937E-02   -0.74648E-04    0.57922E-04    0.65496E-01    0.34446E+00    0.15509E+00
