# omegabh2 omegach2 theta ns logA czero_psEE_150 czero_psEE_90
    0.15564E-05   -0.86423E-05    0.53005E-06   -0.13983E-04    0.24639E-05   -0.37511E-04   -0.49153E-04
   -0.86423E-05    0.11281E-03   -0.42051E-05   -0.47560E-04    0.13280E-03    0.24986E-03    0.11182E-02
    0.53005E-06   -0.42051E-05    0.29457E-05    0.59006E-05   -0.13046E-05   -0.14433E-04    0.12094E-03
   -0.13983E-04   -0.47560E-04    0.59006E-05    0.63940E-03   -0.51965E-03    0.17333E-03   -0.26845E-02
    0.24639E-05    0.13280E-03   -0.13046E-05   -0.51965E-03    0.57904E-03   -0.88246E-04    0.30991E-02
   -0.37511E-04    0.24986E-03   -0.14433E-04    0.17333E-03   -0.88246E-04    0.29595E-01   -0.47832E-02
   -0.49153E-04    0.11182E-02    0.12094E-03   -0.26845E-02    0.30991E-02   -0.47832E-02    0.79299E+01
