# omegabh2 omegach2 theta ns logA czero_psEE_150
    0.94000E-07   -0.31889E-06   -0.13948E-07   -0.37471E-06   -0.34163E-06   -0.54046E-05
   -0.31889E-06    0.28225E-04   -0.13976E-05   -0.33239E-04    0.53878E-04   -0.36334E-04
   -0.13948E-07   -0.13976E-05    0.55030E-06    0.24472E-05   -0.17549E-05    0.54734E-05
   -0.37471E-06   -0.33239E-04    0.24472E-05    0.10803E-03   -0.11250E-03    0.14269E-04
   -0.34163E-06    0.53878E-04   -0.17549E-05   -0.11250E-03    0.17425E-03   -0.85094E-04
   -0.54046E-05   -0.36334E-04    0.54734E-05    0.14269E-04   -0.85094E-04    0.90727E-03
