window_spt3/window_
  52   52   52    0   52    0
BAND_SELECTION
   3   52
   3   52
   3   52
   0    0
   3   52
   0    0
   1    1    0
   0    0    0
   1  #iliketype
TT
    1   -1.457220E+03   7.220744E+03   7.220744E+03   1.000000E+06      0     49
    2    1.919714E+05   1.497951E+05   1.497951E+05   1.000000E+06     50     99
    3    3.803847E+03   1.070944E+03   1.070944E+03   1.000000E+06    100    149
    4    4.887853E+03   9.555813E+02   9.555813E+02   1.000000E+06    150    199
    5    6.816158E+03   9.376544E+02   9.376544E+02   1.000000E+06    200    249
    6    3.947947E+03   7.121976E+02   7.121976E+02   1.000000E+06    250    299
    7    2.835193E+03   4.691981E+02   4.691981E+02   1.000000E+06    300    349
    8    1.967851E+03   2.599166E+02   2.599166E+02   1.000000E+06    350    399
    9    1.965534E+03   2.300995E+02   2.300995E+02   1.000000E+06    400    449
   10    2.252962E+03   2.465016E+02   2.465016E+02   1.000000E+06    450    499
   11    2.730381E+03   2.815468E+02   2.815468E+02   1.000000E+06    500    549
   12    2.633135E+03   2.312415E+02   2.312415E+02   1.000000E+06    550    599
   13    2.055685E+03   1.961596E+02   1.961596E+02   1.000000E+06    600    649
   14    1.924525E+03   1.748534E+02   1.748534E+02   1.000000E+06    650    699
   15    2.097518E+03   1.738084E+02   1.738084E+02   1.000000E+06    700    749
   16    2.588051E+03   2.056600E+02   2.056600E+02   1.000000E+06    750    799
   17    2.203266E+03   1.975093E+02   1.975093E+02   1.000000E+06    800    849
   18    2.010799E+03   1.832920E+02   1.832920E+02   1.000000E+06    850    899
   19    1.503560E+03   1.373143E+02   1.373143E+02   1.000000E+06    900    949
   20    1.143282E+03   8.814413E+01   8.814413E+01   1.000000E+06    950    999
   21    1.028885E+03   8.005225E+01   8.005225E+01   1.000000E+06   1000   1049
   22    9.013460E+02   8.067974E+01   8.067974E+01   1.000000E+06   1050   1099
   23    1.261669E+03   8.753698E+01   8.753698E+01   1.000000E+06   1100   1149
   24    1.041776E+03   7.986130E+01   7.986130E+01   1.000000E+06   1150   1199
   25    9.950392E+02   6.851665E+01   6.851665E+01   1.000000E+06   1200   1249
   26    8.064879E+02   5.565007E+01   5.565007E+01   1.000000E+06   1250   1299
   27    7.266653E+02   4.931295E+01   4.931295E+01   1.000000E+06   1300   1349
   28    7.845414E+02   4.959751E+01   4.959751E+01   1.000000E+06   1350   1399
   29    7.525962E+02   5.419311E+01   5.419311E+01   1.000000E+06   1400   1449
   30    7.934819E+02   4.532133E+01   4.532133E+01   1.000000E+06   1450   1499
   31    6.674410E+02   3.997667E+01   3.997667E+01   1.000000E+06   1500   1549
   32    4.455184E+02   2.793755E+01   2.793755E+01   1.000000E+06   1550   1599
   33    3.800438E+02   2.368373E+01   2.368373E+01   1.000000E+06   1600   1649
   34    3.976638E+02   2.228160E+01   2.228160E+01   1.000000E+06   1650   1699
   35    4.219014E+02   2.148504E+01   2.148504E+01   1.000000E+06   1700   1749
   36    3.949330E+02   2.177967E+01   2.177967E+01   1.000000E+06   1750   1799
   37    3.061440E+02   2.000477E+01   2.000477E+01   1.000000E+06   1800   1849
   38    2.660085E+02   1.523907E+01   1.523907E+01   1.000000E+06   1850   1899
   39    2.390479E+02   1.383016E+01   1.383016E+01   1.000000E+06   1900   1949
   40    2.046134E+02   1.325043E+01   1.325043E+01   1.000000E+06   1950   1999
   41    2.470946E+02   1.290355E+01   1.290355E+01   1.000000E+06   2000   2049
   42    2.098981E+02   1.232413E+01   1.232413E+01   1.000000E+06   2050   2099
   43    1.929227E+02   9.723690E+00   9.723690E+00   1.000000E+06   2100   2149
   44    1.583488E+02   8.510439E+00   8.510439E+00   1.000000E+06   2150   2199
   45    1.342603E+02   7.367132E+00   7.367132E+00   1.000000E+06   2200   2249
   46    1.175462E+02   6.635625E+00   6.635625E+00   1.000000E+06   2250   2299
   47    9.493082E+01   6.461823E+00   6.461823E+00   1.000000E+06   2300   2349
   48    1.090070E+02   5.458083E+00   5.458083E+00   1.000000E+06   2350   2399
   49    1.023276E+02   5.511355E+00   5.511355E+00   1.000000E+06   2400   2449
   50    7.488621E+01   4.389172E+00   4.389172E+00   1.000000E+06   2450   2499
   51    6.381538E+01   3.945519E+00   3.945519E+00   1.000000E+06   2500   2549
   52    6.685377E+01   3.672299E+00   3.672299E+00   1.000000E+06   2550   2599
  5.2e+07  9.5e+07 -6.3e+04  5.7e+05 -5.9e+03 -1.3e+05  7.9e+04  8.2e+04  1.7e+04  3.4e+04  1.6e+05  9.2e+04 -1.7e+04  6.1e+04 -1.4e+04  1.6e+04  2.6e+04  4.8e+04  3.3e+04  2.1e+04 -8.5e+03  3.7e+04  3.5e+04 -5.2e+04 -9.1e+03  7.2e+03  5.6e+03 -1.3e+04  7.9e+03  4.6e+03 -2.0e+04 -1.1e+04 -1.1e+04  6.1e+03  1.2e+04  1.6e+04 -1.1e+04  7.0e+03 -3.4e+03 -3.2e+03 -7.5e+02 -2.0e+03  3.8e+03 -6.2e+02  4.2e+03  4.1e+03  6.3e+02  1.3e+03  7.8e+02  5.5e+02  3.0e+01 -9.2e+02
  9.5e+07  2.2e+10  6.4e+06  1.0e+07  5.5e+06  9.5e+05 -2.0e+06 -8.8e+05  4.2e+05  1.1e+06  4.7e+05  2.1e+06  9.8e+05 -2.0e+06 -4.4e+05 -5.4e+05 -2.3e+05 -5.9e+04  1.5e+06 -1.7e+05  9.0e+05  3.9e+05  7.9e+04 -1.5e+06  3.6e+05  1.8e+05 -3.0e+05 -3.9e+03 -1.6e+05 -8.6e+04 -1.6e+05 -1.7e+05  1.5e+05 -3.7e+04  2.2e+05  7.5e+02  9.5e+04  4.9e+03  7.4e+04 -8.9e+04  1.0e+05 -1.5e+04  2.0e+05 -4.3e+04  5.3e+03  1.7e+04  5.2e+04  1.4e+04  1.7e+04  1.8e+04 -1.8e+04 -2.1e+04
 -6.3e+04  6.4e+06  1.1e+06  7.8e+04  5.4e+04  3.7e+04 -1.5e+03 -1.7e+03 -1.5e+04 -2.9e+02  1.1e+04  2.7e+03 -2.0e+04 -3.7e+03 -1.8e+03  3.1e+03 -2.5e+03 -4.1e+03  1.4e+04 -7.3e+03 -5.1e+03  5.5e+03  2.9e+03  1.2e+03 -2.6e+03  1.6e+03 -2.3e+02  2.8e+03 -2.3e+01 -7.4e+02  2.4e+03  1.7e+03  2.9e+01  7.2e+02  1.4e+03  1.0e+03  9.2e+02  3.8e+02 -7.5e+02  8.1e+01  2.3e+02 -2.2e+02 -9.6e+01 -5.8e+02 -1.7e+02 -2.7e+02 -1.1e+02 -3.9e+01  4.7e+01  7.9e+01  3.4e+02  1.4e+02
  5.7e+05  1.0e+07  7.8e+04  9.1e+05  9.3e+04  3.3e+03  4.7e+04  1.0e+04 -5.2e+03 -7.2e+03  1.4e+03 -3.9e+03  1.3e+04  6.2e+03  4.7e+03  4.2e+03  1.2e+04  5.0e+03  2.3e+03 -2.1e+03  6.6e+02  3.5e+03  8.9e+03 -1.0e+03  3.0e+02 -3.4e+02  3.0e+01  1.4e+03  1.4e+03  9.0e+01 -2.1e+03 -1.4e+02  1.4e+02  2.2e+03 -4.8e+02  9.2e+01 -1.7e+03  1.0e+03 -5.8e+02  5.8e+02 -7.2e+02 -6.3e+01 -8.6e+01 -1.1e+02 -5.2e+02 -2.0e+02 -2.3e+02  8.6e+01  4.8e+02  7.6e+01 -2.9e+02 -5.5e+01
 -5.9e+03  5.5e+06  5.4e+04  9.3e+04  8.8e+05  2.8e+04  1.6e+04  5.7e+03 -3.0e+03 -2.1e+02 -8.9e+03 -9.3e+03 -1.6e+04 -2.2e+03 -4.0e+02 -8.3e+03 -6.3e+02  2.9e+02  3.0e+03  1.7e+03 -3.9e+03 -5.6e+02 -1.7e+03 -1.8e+03 -1.8e+03  3.5e+02 -2.2e+03  8.9e+02  1.3e+02  7.7e+00  8.2e+02  5.6e+02  6.6e+02  1.2e+03 -3.6e+02 -7.5e+02  5.0e+01  1.6e+03 -4.0e+02 -1.1e+02  8.2e+02 -2.1e+02  1.1e+02 -2.9e+02 -7.5e+01  2.1e+02 -2.1e+02 -3.2e+02 -1.7e+02  3.2e+02  3.7e+02 -2.0e+00
 -1.3e+05  9.5e+05  3.7e+04  3.3e+03  2.8e+04  5.1e+05  4.0e+04 -6.5e+03  1.3e+03  2.0e+03  2.0e+04  2.0e+02 -4.8e+03  2.1e+03 -6.5e+03  3.9e+03  3.2e+03  7.8e+03 -3.3e+02 -2.7e+03  1.2e+03  2.5e+03 -6.3e+02 -3.4e+02  4.2e+03  3.3e+03 -2.6e+03 -1.1e+02 -1.2e+03 -5.8e+02  4.8e+02 -6.2e+02 -4.8e+02  6.2e+02 -2.4e+02 -5.1e+02  7.9e+02  3.3e+01 -2.8e+02  1.4e+02 -5.4e+02  8.7e+02  1.6e+02  1.3e+02 -1.4e+02  1.2e+02 -6.0e+01  1.3e+02 -3.5e+00  5.7e+01  1.4e+02 -1.6e+01
  7.9e+04 -2.0e+06 -1.5e+03  4.7e+04  1.6e+04  4.0e+04  2.2e+05  8.4e+03  6.9e+03  2.8e+03  1.1e+03 -6.9e+03  4.3e+02  2.6e+03 -3.9e+03  6.8e+03  6.6e+03  4.3e+03 -5.6e+02 -2.5e+03  2.8e+03 -1.2e+03  2.1e+03 -2.9e+02 -1.3e+03  1.8e+03 -5.9e+02  1.1e+03  6.0e+02 -9.3e+02  4.6e+02  1.6e+01 -4.7e+02 -3.7e+02  1.5e+02 -4.1e+02 -6.2e+01  3.0e+01  4.2e+01 -5.6e+01 -3.7e+02  9.1e+01 -2.2e+02 -2.0e+02  1.9e+02 -1.8e+02 -1.3e+02 -7.8e+01 -1.7e+02 -9.9e+01 -2.5e+01  8.7e+01
  8.2e+04 -8.8e+05 -1.7e+03  1.0e+04  5.7e+03 -6.5e+03  8.4e+03  6.8e+04  3.7e+03 -1.7e+03  9.5e+02 -2.5e+03  1.5e+03  2.2e+01  5.2e+03  1.6e+03  2.9e+03  9.4e+02 -5.1e+02  5.7e+02  1.8e+03  3.8e+02  1.1e+03  1.2e+02 -1.2e+03  6.0e+02  1.6e+02  2.6e+02  7.2e+02 -4.3e+01  9.4e+02 -7.0e+02  1.0e+02  5.4e+02 -2.8e+02 -5.1e+01  2.0e+02 -3.1e+01  7.0e+01  6.2e-01  4.5e+01 -1.0e+02 -7.1e+00 -7.1e+01  2.5e+01  7.8e+01  3.3e+00 -2.3e+01  2.8e+00 -3.6e+01 -5.8e+01  1.7e+01
  1.7e+04  4.2e+05 -1.5e+04 -5.2e+03 -3.0e+03  1.3e+03  6.9e+03  3.7e+03  5.3e+04  4.9e+03 -1.3e+03 -1.3e+03  1.3e+03 -8.0e+02 -2.9e+03 -1.6e+03  2.3e+03 -3.9e+02 -8.9e+02 -8.4e+02 -1.0e+03  9.7e+02  6.0e+01  8.2e+02 -1.3e+03 -1.2e+02  2.5e+02  4.1e+01  1.2e+03  1.4e+02 -5.8e+02 -1.5e+02  4.0e+02  1.1e+02  2.3e+02 -8.9e+00 -4.7e+01  5.0e+01  2.5e+02 -8.2e+01 -8.7e+01  6.1e+01 -3.5e+01  1.4e+02 -1.6e+01 -2.0e+01 -9.9e+00  6.1e+01 -6.4e+00  8.8e-01 -6.4e+00  5.4e+01
  3.4e+04  1.1e+06 -2.9e+02 -7.2e+03 -2.1e+02  2.0e+03  2.8e+03 -1.7e+03  4.9e+03  6.1e+04  4.6e+03  2.3e+03 -2.6e+02  1.7e+03 -1.1e+03 -1.7e+03 -4.9e+02 -8.9e+02  4.3e+01 -3.9e+02  5.8e+02  2.2e+02 -7.4e+02 -9.2e+02 -2.1e+03 -2.1e+02  6.8e+01 -8.8e+02  2.8e+02 -9.4e+02 -3.4e+02  1.2e+02  4.2e+01 -2.0e+02  3.6e+01  1.5e+02 -2.1e+02 -1.5e+02  1.4e+02  2.9e+00  3.5e+02 -1.4e+02  1.2e+01 -4.6e+01  6.7e+01 -7.3e+01 -4.1e+00 -7.6e+01  3.0e+00  6.9e+01  9.9e+01  5.4e+01
  1.6e+05  4.7e+05  1.1e+04  1.4e+03 -8.9e+03  2.0e+04  1.1e+03  9.5e+02 -1.3e+03  4.6e+03  7.9e+04  5.0e+03  2.2e+03 -8.6e+01 -1.8e+03  4.7e+02 -3.5e+03 -2.9e+03 -1.7e+03  1.4e+03  3.0e+03  1.0e+03 -9.3e+02 -6.1e+02  1.0e+03  1.7e+02 -1.7e+02 -5.6e+02  7.9e+01  8.4e+02 -2.1e+02 -1.0e+02 -2.7e+02 -2.9e+01 -1.8e+02  1.5e+02  3.1e+02  2.1e+02 -1.6e+02  4.6e+01 -2.7e+01 -1.8e+02  1.2e+02  3.7e+01  4.2e+01 -5.2e+01 -2.5e+01  1.1e+01 -3.7e+01 -2.9e+00 -2.8e+01 -4.9e+01
  9.2e+04  2.1e+06  2.7e+03 -3.9e+03 -9.3e+03  2.0e+02 -6.9e+03 -2.5e+03 -1.3e+03  2.3e+03  5.0e+03  5.3e+04  5.8e+03 -1.5e+03  1.6e+03 -3.3e+02 -2.5e+03 -7.6e+02 -1.9e+03  1.4e+03  2.2e+03  9.9e+02  3.6e+02  1.5e+03  2.5e+02  3.7e+02 -5.8e+02 -9.4e+02 -6.4e+02 -5.9e+02  2.5e+02  2.6e+02 -2.9e+02 -2.2e+02  3.4e+01 -1.2e+01 -1.8e+00  1.7e+01 -3.2e+02  7.4e+00  4.4e+01 -7.3e+01  1.9e+02  7.4e+01  3.2e+01 -1.1e+01  1.6e+01 -2.8e+01 -3.0e+01 -7.7e+01 -3.4e+01 -3.1e+01
 -1.7e+04  9.8e+05 -2.0e+04  1.3e+04 -1.6e+04 -4.8e+03  4.3e+02  1.5e+03  1.3e+03 -2.6e+02  2.2e+03  5.8e+03  3.8e+04  3.6e+03 -9.7e+02 -3.6e+03 -3.3e+02  1.7e+02 -1.8e+03 -1.2e+02  4.0e+02  2.3e+02  1.0e+03  1.6e+03  6.0e+02 -2.5e+02 -1.6e+02  3.7e+02 -2.4e+02  1.8e+02  2.2e+02 -6.9e+01 -4.1e+01 -4.6e+02 -5.1e+00  1.3e+02  8.9e+00 -1.1e+01 -1.1e+02 -4.2e+01  5.7e+01  2.1e+01  6.7e+01 -3.4e+01  5.2e+01 -4.7e+01  1.8e+00 -4.7e+01  9.2e-01 -1.3e+01 -3.1e+01  3.6e+01
  6.1e+04 -2.0e+06 -3.7e+03  6.2e+03 -2.2e+03  2.1e+03  2.6e+03  2.2e+01 -8.0e+02  1.7e+03 -8.6e+01 -1.5e+03  3.6e+03  3.1e+04  8.0e+02  1.2e+03  9.1e+01 -1.1e+03 -7.2e+02 -5.3e+02  1.4e+03 -6.7e+02 -9.8e+02  1.1e+02  4.8e+02 -9.6e+01  1.4e+02  3.0e+02  3.5e+02 -1.6e+02 -1.3e+02 -8.4e+01 -7.2e+01 -2.4e+02  6.5e+01  4.0e+02  3.5e+01  6.4e+01  1.0e+01  1.9e+01  8.6e+01 -1.0e+02 -5.5e+01 -2.2e+01 -1.5e+02 -5.0e+01 -5.1e+00  1.1e+01  5.5e+01  4.5e+01  6.5e+01  4.2e+01
 -1.4e+04 -4.4e+05 -1.8e+03  4.7e+03 -4.0e+02 -6.5e+03 -3.9e+03  5.2e+03 -2.9e+03 -1.1e+03 -1.8e+03  1.6e+03 -9.7e+02  8.0e+02  3.0e+04  2.4e+03 -1.2e+02 -2.3e+03  7.2e+02  1.9e+02  4.0e+01  6.1e+02 -3.6e+02 -1.0e+02  8.8e+02  3.5e+02  3.3e+02 -2.1e+02  6.9e+00 -3.8e+02  5.5e+01  1.6e+02 -9.9e+01  7.5e+01 -1.1e+02 -1.9e+02  8.7e+01  8.3e+01  6.0e+01  2.6e+01  3.1e+01 -7.3e+01  4.5e+01 -4.8e+01 -4.2e+01 -3.7e+01 -5.7e+01  8.0e+00 -1.6e+01 -3.9e+00  6.9e+00 -5.2e+01
  1.6e+04 -5.4e+05  3.1e+03  4.2e+03 -8.3e+03  3.9e+03  6.8e+03  1.6e+03 -1.6e+03 -1.7e+03  4.7e+02 -3.3e+02 -3.6e+03  1.2e+03  2.4e+03  4.2e+04  4.8e+03 -8.5e+02 -2.7e+02 -1.6e+03  7.8e+02 -1.5e+03  8.3e+02  2.2e+02  2.2e+02  1.1e+03 -2.7e+02 -4.6e+02 -6.5e+02 -7.2e+01  6.8e+01  3.8e+02  1.3e+01 -3.0e+02  1.8e+02  3.0e+02 -1.8e+01 -3.1e+01  4.5e+01 -1.2e+02  2.6e+01 -1.9e+02 -8.3e+01  3.1e+01  4.7e+01 -6.9e+00  4.1e+01 -1.3e+01 -1.3e+01  6.5e+01  5.2e+01  4.2e-01
  2.6e+04 -2.3e+05 -2.5e+03  1.2e+04 -6.3e+02  3.2e+03  6.6e+03  2.9e+03  2.3e+03 -4.9e+02 -3.5e+03 -2.5e+03 -3.3e+02  9.1e+01 -1.2e+02  4.8e+03  3.9e+04  2.2e+03 -1.6e+03 -9.0e+02  5.3e+02 -4.4e+02 -1.5e+02  5.5e+01 -2.7e+01  4.9e+02  2.9e+02 -3.5e+02 -4.7e+02  3.8e+02  5.1e+02  5.9e+02  2.0e+02  2.1e+02 -2.1e+02  4.9e+01 -2.4e+02 -1.4e+02  7.6e+01  1.1e+01  2.1e+02  8.7e+01 -1.4e+01  1.7e+01  9.2e+00  8.0e+01  1.6e+01  2.8e+01 -2.5e+01  7.8e+01  2.8e+01  3.6e+01
  4.8e+04 -5.9e+04 -4.1e+03  5.0e+03  2.9e+02  7.8e+03  4.3e+03  9.4e+02 -3.9e+02 -8.9e+02 -2.9e+03 -7.6e+02  1.7e+02 -1.1e+03 -2.3e+03 -8.5e+02  2.2e+03  3.4e+04  4.6e+03  2.3e+01 -1.0e+03  1.8e+02  5.2e+02  5.1e+02  7.3e+02 -2.5e+02 -1.3e+02  2.9e+02 -4.2e+01 -6.0e+02 -3.7e+02 -2.2e+02 -2.6e+01 -1.6e+02 -3.4e+02  9.2e+01 -8.9e+01  1.4e+02 -1.4e+02 -1.1e+02 -2.1e+01 -2.6e+01  1.6e+02 -7.1e+01  3.3e+01 -9.2e+00 -6.5e+00  3.7e+01  3.9e+01  5.6e+01  4.2e+01  1.9e+01
  3.3e+04  1.5e+06  1.4e+04  2.3e+03  3.0e+03 -3.3e+02 -5.6e+02 -5.1e+02 -8.9e+02  4.3e+01 -1.7e+03 -1.9e+03 -1.8e+03 -7.2e+02  7.2e+02 -2.7e+02 -1.6e+03  4.6e+03  1.9e+04  9.7e+02 -5.7e+02  4.4e+02  1.3e+02 -1.5e+02 -1.2e+02 -2.6e+02  4.0e+02  3.3e+01 -4.2e+02 -3.2e+02 -3.6e+02 -1.1e+02  2.4e+02  5.7e+01 -1.8e+02 -1.6e+02  1.1e+02  1.4e+02 -5.4e+01 -9.8e+01  1.3e+02 -7.6e+01  6.3e+01  4.4e+01  6.4e+01 -2.2e+01 -1.7e+01  4.6e+01  2.0e+01  1.9e+01  8.3e+00  3.6e+01
  2.1e+04 -1.7e+05 -7.3e+03 -2.1e+03  1.7e+03 -2.7e+03 -2.5e+03  5.7e+02 -8.4e+02 -3.9e+02  1.4e+03  1.4e+03 -1.2e+02 -5.3e+02  1.9e+02 -1.6e+03 -9.0e+02  2.3e+01  9.7e+02  7.8e+03  3.8e+01 -3.1e+02 -8.4e+01 -2.5e+02  2.0e+02 -1.1e+02 -1.1e+02  1.5e+02  2.1e+02 -8.7e+01 -5.2e+00  3.8e+01  1.4e+02  5.1e+01  1.3e+02  6.7e+01  4.5e+01  7.7e+01 -8.8e+01 -1.4e+01 -3.0e+01  2.9e+00 -1.3e+01  3.3e+01  2.3e+01 -2.6e+01  2.1e+00 -1.6e+01 -1.0e+01 -3.9e+01 -1.1e+01  2.5e+00
 -8.5e+03  9.0e+05 -5.1e+03  6.6e+02 -3.9e+03  1.2e+03  2.8e+03  1.8e+03 -1.0e+03  5.8e+02  3.0e+03  2.2e+03  4.0e+02  1.4e+03  4.0e+01  7.8e+02  5.3e+02 -1.0e+03 -5.7e+02  3.8e+01  6.4e+03  1.6e+02  2.1e+02 -1.8e+02 -3.4e+02  4.0e+02 -7.1e+00 -2.4e+02 -3.8e+01 -2.4e+02 -3.6e+01  8.6e+01  7.8e+00  6.6e+00 -6.8e+01  1.7e+01  2.1e+02  1.9e+01  6.4e+01  8.1e+00 -3.6e+01  8.1e+00 -1.1e+01  5.5e+00 -1.3e+01 -6.3e+01 -4.0e+00 -1.0e+01  6.4e-01 -8.8e-01 -5.0e+00 -1.8e+01
  3.7e+04  3.9e+05  5.5e+03  3.5e+03 -5.6e+02  2.5e+03 -1.2e+03  3.8e+02  9.7e+02  2.2e+02  1.0e+03  9.9e+02  2.3e+02 -6.7e+02  6.1e+02 -1.5e+03 -4.4e+02  1.8e+02  4.4e+02 -3.1e+02  1.6e+02  6.5e+03  9.2e+02  5.1e+02 -2.2e+02 -4.9e+01  2.3e+02 -1.1e+02  1.5e+02 -1.0e+02 -1.0e+02  8.5e+00  1.4e+02  8.6e+01 -1.4e+02  5.2e+01  3.3e+01  1.9e+01 -6.6e+01  3.3e+00  2.2e+00 -3.8e+01  3.0e+01 -3.9e+01 -1.4e+01  2.3e+01  1.4e+01  6.2e+00 -1.4e+00 -6.0e+00 -2.6e+00 -2.7e+00
  3.5e+04  7.9e+04  2.9e+03  8.9e+03 -1.7e+03 -6.3e+02  2.1e+03  1.1e+03  6.0e+01 -7.4e+02 -9.3e+02  3.6e+02  1.0e+03 -9.8e+02 -3.6e+02  8.3e+02 -1.5e+02  5.2e+02  1.3e+02 -8.4e+01  2.1e+02  9.2e+02  7.7e+03  1.0e+03  1.7e+02 -4.1e+01 -2.5e+02 -2.6e+02  4.2e+01 -2.6e+02  1.8e+02  1.8e+02 -5.1e+01  7.2e+01  8.4e+01 -6.3e+01 -4.7e+00  6.4e+01 -3.9e+01 -5.3e+01 -7.5e-01  5.2e+01  2.5e+01 -4.4e+01  2.0e+01 -1.1e+01 -3.1e+00 -7.2e+00  1.1e+01 -1.1e+01 -1.5e+01 -1.7e+01
 -5.2e+04 -1.5e+06  1.2e+03 -1.0e+03 -1.8e+03 -3.4e+02 -2.9e+02  1.2e+02  8.2e+02 -9.2e+02 -6.1e+02  1.5e+03  1.6e+03  1.1e+02 -1.0e+02  2.2e+02  5.5e+01  5.1e+02 -1.5e+02 -2.5e+02 -1.8e+02  5.1e+02  1.0e+03  6.4e+03  6.9e+02 -4.3e+02  3.6e+02 -8.7e+01  5.0e+01  1.3e+02  1.9e+02  1.2e+02  1.1e+02  7.3e+01 -3.5e+01 -3.0e+01  6.7e+01  2.8e+01  2.0e+01 -3.6e+01  1.7e+01 -4.1e+01  1.5e+01  2.5e+01 -1.1e+01 -1.0e+01  2.3e+01 -5.0e-01  3.9e+00 -3.1e+01 -4.8e+00 -2.6e+01
 -9.1e+03  3.6e+05 -2.6e+03  3.0e+02 -1.8e+03  4.2e+03 -1.3e+03 -1.2e+03 -1.3e+03 -2.1e+03  1.0e+03  2.5e+02  6.0e+02  4.8e+02  8.8e+02  2.2e+02 -2.7e+01  7.3e+02 -1.2e+02  2.0e+02 -3.4e+02 -2.2e+02  1.7e+02  6.9e+02  4.7e+03  1.7e+02  1.9e+01 -4.6e+01 -1.9e+02  1.1e+02 -1.7e+01 -1.4e+02  4.9e+01  9.3e+01 -1.6e+01 -1.0e+01 -8.5e+00 -2.6e+01  7.5e+01  2.3e+01  3.3e+01  7.6e+00  4.0e+01 -9.6e+00  4.1e+01  1.2e+01  1.8e+01  1.3e+01  9.4e+00 -2.4e+00  1.2e+00 -1.6e+01
  7.2e+03  1.8e+05  1.6e+03 -3.4e+02  3.5e+02  3.3e+03  1.8e+03  6.0e+02 -1.2e+02 -2.1e+02  1.7e+02  3.7e+02 -2.5e+02 -9.6e+01  3.5e+02  1.1e+03  4.9e+02 -2.5e+02 -2.6e+02 -1.1e+02  4.0e+02 -4.9e+01 -4.1e+01 -4.3e+02  1.7e+02  3.1e+03 -2.1e+01 -6.4e+01  2.0e+02  1.6e+02  1.1e+02  5.8e+01 -2.3e+01  7.9e+01 -1.9e+01  1.0e+02  1.1e+01  4.5e+01 -5.5e+00  4.3e+01  1.0e+02  8.6e+01  6.0e+00  1.8e+01  4.1e+00 -1.9e+01  5.5e-01 -8.6e+00  1.4e+00  3.9e+00 -1.3e+01 -2.1e+01
  5.6e+03 -3.0e+05 -2.3e+02  3.0e+01 -2.2e+03 -2.6e+03 -5.9e+02  1.6e+02  2.5e+02  6.8e+01 -1.7e+02 -5.8e+02 -1.6e+02  1.4e+02  3.3e+02 -2.7e+02  2.9e+02 -1.3e+02  4.0e+02 -1.1e+02 -7.1e+00  2.3e+02 -2.5e+02  3.6e+02  1.9e+01 -2.1e+01  2.4e+03  2.7e+02  2.7e+02  8.2e+01 -1.7e+02  6.0e+01  5.3e+01 -3.6e+01  3.6e+01 -7.1e+01  6.2e+00  1.8e+01  2.4e+01  6.3e+01  5.2e+01  4.2e+01  3.5e-01  1.0e+01  1.3e+01 -9.3e+00  1.4e+01  1.3e+01  1.4e+00  4.3e+00  3.1e+00 -4.7e+00
 -1.3e+04 -3.9e+03  2.8e+03  1.4e+03  8.9e+02 -1.1e+02  1.1e+03  2.6e+02  4.1e+01 -8.8e+02 -5.6e+02 -9.4e+02  3.7e+02  3.0e+02 -2.1e+02 -4.6e+02 -3.5e+02  2.9e+02  3.3e+01  1.5e+02 -2.4e+02 -1.1e+02 -2.6e+02 -8.7e+01 -4.6e+01 -6.4e+01  2.7e+02  2.5e+03  3.6e+02  5.9e+01 -1.3e+02 -5.2e+01  1.9e+01 -2.3e+00  6.3e+01 -1.2e+01  1.7e+01 -4.9e+00  5.0e-01  4.5e+01 -1.8e+01 -6.3e+00  1.7e+01 -3.9e+01  1.4e+00  3.2e+01  6.2e+00 -1.6e+01 -1.7e+01 -1.1e+01  6.6e+00  6.1e-01
  7.9e+03 -1.6e+05 -2.3e+01  1.4e+03  1.3e+02 -1.2e+03  6.0e+02  7.2e+02  1.2e+03  2.8e+02  7.9e+01 -6.4e+02 -2.4e+02  3.5e+02  6.9e+00 -6.5e+02 -4.7e+02 -4.2e+01 -4.2e+02  2.1e+02 -3.8e+01  1.5e+02  4.2e+01  5.0e+01 -1.9e+02  2.0e+02  2.7e+02  3.6e+02  2.9e+03  2.2e+02  1.4e+02 -9.4e+01 -5.9e+01  4.4e+00  6.2e+01 -3.9e+01 -1.9e+01 -2.4e+01 -3.5e+01 -3.0e+01 -6.5e+00  6.4e+01 -2.5e+01  6.3e+00  3.0e+01  2.5e+01  1.8e+01 -4.2e+00 -8.6e+00  2.9e+00 -1.9e+00 -2.7e+00
  4.6e+03 -8.6e+04 -7.4e+02  9.0e+01  7.7e+00 -5.8e+02 -9.3e+02 -4.3e+01  1.4e+02 -9.4e+02  8.4e+02 -5.9e+02  1.8e+02 -1.6e+02 -3.8e+02 -7.2e+01  3.8e+02 -6.0e+02 -3.2e+02 -8.7e+01 -2.4e+02 -1.0e+02 -2.6e+02  1.3e+02  1.1e+02  1.6e+02  8.2e+01  5.9e+01  2.2e+02  2.1e+03  2.4e+02 -3.4e+01  6.1e+01 -5.7e+01 -2.9e+01 -8.6e+00 -6.7e+00  1.7e+01  5.2e+01  4.6e+01 -5.6e+00  5.1e+00 -1.2e+01  6.7e+00  2.7e+01  1.5e+01 -2.3e+01  1.8e+00  1.4e+00  6.8e+00  3.7e-01  7.7e-02
 -2.0e+04 -1.6e+05  2.4e+03 -2.1e+03  8.2e+02  4.8e+02  4.6e+02  9.4e+02 -5.8e+02 -3.4e+02 -2.1e+02  2.5e+02  2.2e+02 -1.3e+02  5.5e+01  6.8e+01  5.1e+02 -3.7e+02 -3.6e+02 -5.2e+00 -3.6e+01 -1.0e+02  1.8e+02  1.9e+02 -1.7e+01  1.1e+02 -1.7e+02 -1.3e+02  1.4e+02  2.4e+02  1.6e+03  6.6e+01  2.2e+01 -1.7e+01 -5.0e+01 -2.5e+01 -3.8e+01 -1.7e+01  1.9e+01 -3.1e+01  2.8e+01  1.8e+01 -1.3e+01 -2.7e+01 -4.5e+00 -1.6e+00 -9.7e+00 -5.2e+00 -2.4e+00 -9.1e+00  1.1e-01  2.6e+00
 -1.1e+04 -1.7e+05  1.7e+03 -1.4e+02  5.6e+02 -6.2e+02  1.6e+01 -7.0e+02 -1.5e+02  1.2e+02 -1.0e+02  2.6e+02 -6.9e+01 -8.4e+01  1.6e+02  3.8e+02  5.9e+02 -2.2e+02 -1.1e+02  3.8e+01  8.6e+01  8.5e+00  1.8e+02  1.2e+02 -1.4e+02  5.8e+01  6.0e+01 -5.2e+01 -9.4e+01 -3.4e+01  6.6e+01  7.8e+02  5.1e+01  3.9e+01  2.4e+01 -4.0e+01 -3.8e+00  2.1e+01  1.3e+01 -6.6e+00  1.5e+01  8.8e+00  1.0e+01 -1.5e+00 -1.6e+01 -4.4e+00 -8.4e+00  9.6e-01 -3.7e+00 -3.0e-01  1.6e+00  4.0e+00
 -1.1e+04  1.5e+05  2.9e+01  1.4e+02  6.6e+02 -4.8e+02 -4.7e+02  1.0e+02  4.0e+02  4.2e+01 -2.7e+02 -2.9e+02 -4.1e+01 -7.2e+01 -9.9e+01  1.3e+01  2.0e+02 -2.6e+01  2.4e+02  1.4e+02  7.8e+00  1.4e+02 -5.1e+01  1.1e+02  4.9e+01 -2.3e+01  5.3e+01  1.9e+01 -5.9e+01  6.1e+01  2.2e+01  5.1e+01  5.6e+02  1.0e+02  7.2e-01  1.7e+01  2.3e+01 -8.8e-01  1.4e+01  2.3e+01 -7.9e+00 -1.7e+01 -3.4e+00 -1.7e+00  3.1e+00  2.1e+01  8.3e+00  4.0e+00 -1.0e+01 -3.1e+00 -5.1e+00 -9.3e-02
  6.1e+03 -3.7e+04  7.2e+02  2.2e+03  1.2e+03  6.2e+02 -3.7e+02  5.4e+02  1.1e+02 -2.0e+02 -2.9e+01 -2.2e+02 -4.6e+02 -2.4e+02  7.5e+01 -3.0e+02  2.1e+02 -1.6e+02  5.7e+01  5.1e+01  6.6e+00  8.6e+01  7.2e+01  7.3e+01  9.3e+01  7.9e+01 -3.6e+01 -2.3e+00  4.4e+00 -5.7e+01 -1.7e+01  3.9e+01  1.0e+02  5.0e+02  2.7e+01  3.3e+00 -1.1e+01 -2.5e+00 -8.1e+00  3.5e+00  8.3e+00  2.8e+00 -8.6e+00 -4.8e+00  7.7e+00  1.5e+01 -7.7e-01  1.9e+00  3.3e-01 -2.8e+00 -2.1e+00  4.8e+00
  1.2e+04  2.2e+05  1.4e+03 -4.8e+02 -3.6e+02 -2.4e+02  1.5e+02 -2.8e+02  2.3e+02  3.6e+01 -1.8e+02  3.4e+01 -5.1e+00  6.5e+01 -1.1e+02  1.8e+02 -2.1e+02 -3.4e+02 -1.8e+02  1.3e+02 -6.8e+01 -1.4e+02  8.4e+01 -3.5e+01 -1.6e+01 -1.9e+01  3.6e+01  6.3e+01  6.2e+01 -2.9e+01 -5.0e+01  2.4e+01  7.2e-01  2.7e+01  4.6e+02  1.8e+01  1.4e+01 -7.6e-01 -1.4e+01 -1.1e+01  6.6e+00  1.2e+01  6.3e+00 -1.6e+01  8.6e+00  1.3e+01 -4.8e+00 -2.1e+00 -1.2e+01 -7.4e+00 -4.2e+00 -2.0e+00
  1.6e+04  7.5e+02  1.0e+03  9.2e+01 -7.5e+02 -5.1e+02 -4.1e+02 -5.1e+01 -8.9e+00  1.5e+02  1.5e+02 -1.2e+01  1.3e+02  4.0e+02 -1.9e+02  3.0e+02  4.9e+01  9.2e+01 -1.6e+02  6.7e+01  1.7e+01  5.2e+01 -6.3e+01 -3.0e+01 -1.0e+01  1.0e+02 -7.1e+01 -1.2e+01 -3.9e+01 -8.6e+00 -2.5e+01 -4.0e+01  1.7e+01  3.3e+00  1.8e+01  4.7e+02  1.9e+01  1.9e+01 -2.7e+00  8.1e+00  1.6e+01 -4.9e+00 -2.5e-01  9.3e+00  7.0e-01 -9.0e+00  1.8e+00 -7.1e-01  1.9e+00  5.5e+00  5.4e+00 -3.0e+00
 -1.1e+04  9.5e+04  9.2e+02 -1.7e+03  5.0e+01  7.9e+02 -6.2e+01  2.0e+02 -4.7e+01 -2.1e+02  3.1e+02 -1.8e+00  8.9e+00  3.5e+01  8.7e+01 -1.8e+01 -2.4e+02 -8.9e+01  1.1e+02  4.5e+01  2.1e+02  3.3e+01 -4.7e+00  6.7e+01 -8.5e+00  1.1e+01  6.2e+00  1.7e+01 -1.9e+01 -6.7e+00 -3.8e+01 -3.8e+00  2.3e+01 -1.1e+01  1.4e+01  1.9e+01  4.0e+02  2.2e+01  1.3e+01  1.2e+01  5.2e+00  1.0e+01  2.4e+00  3.0e+00 -1.4e+01 -6.4e+00 -4.1e+00  5.4e+00 -8.9e+00 -3.5e+00 -5.9e+00  2.7e+00
  7.0e+03  4.9e+03  3.8e+02  1.0e+03  1.6e+03  3.3e+01  3.0e+01 -3.1e+01  5.0e+01 -1.5e+02  2.1e+02  1.7e+01 -1.1e+01  6.4e+01  8.3e+01 -3.1e+01 -1.4e+02  1.4e+02  1.4e+02  7.7e+01  1.9e+01  1.9e+01  6.4e+01  2.8e+01 -2.6e+01  4.5e+01  1.8e+01 -4.9e+00 -2.4e+01  1.7e+01 -1.7e+01  2.1e+01 -8.8e-01 -2.5e+00 -7.6e-01  1.9e+01  2.2e+01  2.3e+02  9.7e+00  2.4e+01 -6.1e+00  1.0e+01  2.3e+00 -1.2e-01  2.8e+00 -1.5e-02  5.3e+00 -5.9e+00  9.2e-01 -2.9e-01 -6.3e-01  2.5e-01
 -3.4e+03  7.4e+04 -7.5e+02 -5.8e+02 -4.0e+02 -2.8e+02  4.2e+01  7.0e+01  2.5e+02  1.4e+02 -1.6e+02 -3.2e+02 -1.1e+02  1.0e+01  6.0e+01  4.5e+01  7.6e+01 -1.4e+02 -5.4e+01 -8.8e+01  6.4e+01 -6.6e+01 -3.9e+01  2.0e+01  7.5e+01 -5.5e+00  2.4e+01  5.0e-01 -3.5e+01  5.2e+01  1.9e+01  1.3e+01  1.4e+01 -8.1e+00 -1.4e+01 -2.7e+00  1.3e+01  9.7e+00  1.9e+02  3.0e+01  7.0e+00  1.7e+00 -1.0e+00  3.5e-01 -2.7e+00  3.8e+00 -2.3e+00  6.4e+00  1.5e+00  2.4e+00  1.6e+00 -4.3e-01
 -3.2e+03 -8.9e+04  8.1e+01  5.8e+02 -1.1e+02  1.4e+02 -5.6e+01  6.2e-01 -8.2e+01  2.9e+00  4.6e+01  7.4e+00 -4.2e+01  1.9e+01  2.6e+01 -1.2e+02  1.1e+01 -1.1e+02 -9.8e+01 -1.4e+01  8.1e+00  3.3e+00 -5.3e+01 -3.6e+01  2.3e+01  4.3e+01  6.3e+01  4.5e+01 -3.0e+01  4.6e+01 -3.1e+01 -6.6e+00  2.3e+01  3.5e+00 -1.1e+01  8.1e+00  1.2e+01  2.4e+01  3.0e+01  1.8e+02  1.3e+01  2.1e+00  6.7e+00  3.2e+00  9.5e-01 -1.7e+00 -7.7e+00 -3.3e+00 -1.2e+00  1.2e+00  8.5e-01  3.1e-01
 -7.5e+02  1.0e+05  2.3e+02 -7.2e+02  8.2e+02 -5.4e+02 -3.7e+02  4.5e+01 -8.7e+01  3.5e+02 -2.7e+01  4.4e+01  5.7e+01  8.6e+01  3.1e+01  2.6e+01  2.1e+02 -2.1e+01  1.3e+02 -3.0e+01 -3.6e+01  2.2e+00 -7.5e-01  1.7e+01  3.3e+01  1.0e+02  5.2e+01 -1.8e+01 -6.5e+00 -5.6e+00  2.8e+01  1.5e+01 -7.9e+00  8.3e+00  6.6e+00  1.6e+01  5.2e+00 -6.1e+00  7.0e+00  1.3e+01  1.7e+02  1.8e+01  2.0e+01  9.8e+00 -3.7e-01  2.0e-01 -4.5e+00  3.1e+00  3.7e+00 -1.8e+00 -3.9e+00 -7.3e-01
 -2.0e+03 -1.5e+04 -2.2e+02 -6.3e+01 -2.1e+02  8.7e+02  9.1e+01 -1.0e+02  6.1e+01 -1.4e+02 -1.8e+02 -7.3e+01  2.1e+01 -1.0e+02 -7.3e+01 -1.9e+02  8.7e+01 -2.6e+01 -7.6e+01  2.9e+00  8.1e+00 -3.8e+01  5.2e+01 -4.1e+01  7.6e+00  8.6e+01  4.2e+01 -6.3e+00  6.4e+01  5.1e+00  1.8e+01  8.8e+00 -1.7e+01  2.8e+00  1.2e+01 -4.9e+00  1.0e+01  1.0e+01  1.7e+00  2.1e+00  1.8e+01  1.5e+02  8.6e+00  5.1e+00 -1.8e+00  6.2e-01 -4.0e+00  1.4e+00  8.1e-01 -3.2e+00 -4.8e+00 -1.3e+00
  3.8e+03  2.0e+05 -9.6e+01 -8.6e+01  1.1e+02  1.6e+02 -2.2e+02 -7.1e+00 -3.5e+01  1.2e+01  1.2e+02  1.9e+02  6.7e+01 -5.5e+01  4.5e+01 -8.3e+01 -1.4e+01  1.6e+02  6.3e+01 -1.3e+01 -1.1e+01  3.0e+01  2.5e+01  1.5e+01  4.0e+01  6.0e+00  3.5e-01  1.7e+01 -2.5e+01 -1.2e+01 -1.3e+01  1.0e+01 -3.4e+00 -8.6e+00  6.3e+00 -2.5e-01  2.4e+00  2.3e+00 -1.0e+00  6.7e+00  2.0e+01  8.6e+00  9.5e+01  6.9e+00 -7.7e-01  2.1e+00 -2.3e+00 -1.5e+00 -5.9e-01 -6.3e-01  5.0e-01  3.2e-01
 -6.2e+02 -4.3e+04 -5.8e+02 -1.1e+02 -2.9e+02  1.3e+02 -2.0e+02 -7.1e+01  1.4e+02 -4.6e+01  3.7e+01  7.4e+01 -3.4e+01 -2.2e+01 -4.8e+01  3.1e+01  1.7e+01 -7.1e+01  4.4e+01  3.3e+01  5.5e+00 -3.9e+01 -4.4e+01  2.5e+01 -9.6e+00  1.8e+01  1.0e+01 -3.9e+01  6.3e+00  6.7e+00 -2.7e+01 -1.5e+00 -1.7e+00 -4.8e+00 -1.6e+01  9.3e+00  3.0e+00 -1.2e-01  3.5e-01  3.2e+00  9.8e+00  5.1e+00  6.9e+00  7.2e+01  4.9e+00  6.8e-01 -4.6e+00 -3.8e+00 -2.5e+00  1.3e+00 -3.9e-01 -2.6e-01
  4.2e+03  5.3e+03 -1.7e+02 -5.2e+02 -7.5e+01 -1.4e+02  1.9e+02  2.5e+01 -1.6e+01  6.7e+01  4.2e+01  3.2e+01  5.2e+01 -1.5e+02 -4.2e+01  4.7e+01  9.2e+00  3.3e+01  6.4e+01  2.3e+01 -1.3e+01 -1.4e+01  2.0e+01 -1.1e+01  4.1e+01  4.1e+00  1.3e+01  1.4e+00  3.0e+01  2.7e+01 -4.5e+00 -1.6e+01  3.1e+00  7.7e+00  8.6e+00  7.0e-01 -1.4e+01  2.8e+00 -2.7e+00  9.5e-01 -3.7e-01 -1.8e+00 -7.7e-01  4.9e+00  5.4e+01  5.0e+00 -3.0e-01 -6.7e-01 -1.5e+00  2.0e+00 -7.6e-02 -2.4e-01
  4.1e+03  1.7e+04 -2.7e+02 -2.0e+02  2.1e+02  1.2e+02 -1.8e+02  7.8e+01 -2.0e+01 -7.3e+01 -5.2e+01 -1.1e+01 -4.7e+01 -5.0e+01 -3.7e+01 -6.9e+00  8.0e+01 -9.2e+00 -2.2e+01 -2.6e+01 -6.3e+01  2.3e+01 -1.1e+01 -1.0e+01  1.2e+01 -1.9e+01 -9.3e+00  3.2e+01  2.5e+01  1.5e+01 -1.6e+00 -4.4e+00  2.1e+01  1.5e+01  1.3e+01 -9.0e+00 -6.4e+00 -1.5e-02  3.8e+00 -1.7e+00  2.0e-01  6.2e-01  2.1e+00  6.8e-01  5.0e+00  4.4e+01  4.0e+00  5.8e-01  9.0e-01 -2.6e-01 -1.4e+00  1.2e+00
  6.3e+02  5.2e+04 -1.1e+02 -2.3e+02 -2.1e+02 -6.0e+01 -1.3e+02  3.3e+00 -9.9e+00 -4.1e+00 -2.5e+01  1.6e+01  1.8e+00 -5.1e+00 -5.7e+01  4.1e+01  1.6e+01 -6.5e+00 -1.7e+01  2.1e+00 -4.0e+00  1.4e+01 -3.1e+00  2.3e+01  1.8e+01  5.5e-01  1.4e+01  6.2e+00  1.8e+01 -2.3e+01 -9.7e+00 -8.4e+00  8.3e+00 -7.7e-01 -4.8e+00  1.8e+00 -4.1e+00  5.3e+00 -2.3e+00 -7.7e+00 -4.5e+00 -4.0e+00 -2.3e+00 -4.6e+00 -3.0e-01  4.0e+00  4.2e+01  1.6e+00 -6.1e-01 -4.3e-01 -1.8e+00 -8.6e-01
  1.3e+03  1.4e+04 -3.9e+01  8.6e+01 -3.2e+02  1.3e+02 -7.8e+01 -2.3e+01  6.1e+01 -7.6e+01  1.1e+01 -2.8e+01 -4.7e+01  1.1e+01  8.0e+00 -1.3e+01  2.8e+01  3.7e+01  4.6e+01 -1.6e+01 -1.0e+01  6.2e+00 -7.2e+00 -5.0e-01  1.3e+01 -8.6e+00  1.3e+01 -1.6e+01 -4.2e+00  1.8e+00 -5.2e+00  9.6e-01  4.0e+00  1.9e+00 -2.1e+00 -7.1e-01  5.4e+00 -5.9e+00  6.4e+00 -3.3e+00  3.1e+00  1.4e+00 -1.5e+00 -3.8e+00 -6.7e-01  5.8e-01  1.6e+00  3.0e+01  3.1e+00  9.5e-01  9.7e-01  5.4e-01
  7.8e+02  1.7e+04  4.7e+01  4.8e+02 -1.7e+02 -3.5e+00 -1.7e+02  2.8e+00 -6.4e+00  3.0e+00 -3.7e+01 -3.0e+01  9.2e-01  5.5e+01 -1.6e+01 -1.3e+01 -2.5e+01  3.9e+01  2.0e+01 -1.0e+01  6.4e-01 -1.4e+00  1.1e+01  3.9e+00  9.4e+00  1.4e+00  1.4e+00 -1.7e+01 -8.6e+00  1.4e+00 -2.4e+00 -3.7e+00 -1.0e+01  3.3e-01 -1.2e+01  1.9e+00 -8.9e+00  9.2e-01  1.5e+00 -1.2e+00  3.7e+00  8.1e-01 -5.9e-01 -2.5e+00 -1.5e+00  9.0e-01 -6.1e-01  3.1e+00  3.0e+01  2.9e+00  1.7e+00  6.0e-01
  5.5e+02  1.8e+04  7.9e+01  7.6e+01  3.2e+02  5.7e+01 -9.9e+01 -3.6e+01  8.8e-01  6.9e+01 -2.9e+00 -7.7e+01 -1.3e+01  4.5e+01 -3.9e+00  6.5e+01  7.8e+01  5.6e+01  1.9e+01 -3.9e+01 -8.8e-01 -6.0e+00 -1.1e+01 -3.1e+01 -2.4e+00  3.9e+00  4.3e+00 -1.1e+01  2.9e+00  6.8e+00 -9.1e+00 -3.0e-01 -3.1e+00 -2.8e+00 -7.4e+00  5.5e+00 -3.5e+00 -2.9e-01  2.4e+00  1.2e+00 -1.8e+00 -3.2e+00 -6.3e-01  1.3e+00  2.0e+00 -2.6e-01 -4.3e-01  9.5e-01  2.9e+00  1.9e+01  3.0e+00  9.6e-01
  3.0e+01 -1.8e+04  3.4e+02 -2.9e+02  3.7e+02  1.4e+02 -2.5e+01 -5.8e+01 -6.4e+00  9.9e+01 -2.8e+01 -3.4e+01 -3.1e+01  6.5e+01  6.9e+00  5.2e+01  2.8e+01  4.2e+01  8.3e+00 -1.1e+01 -5.0e+00 -2.6e+00 -1.5e+01 -4.8e+00  1.2e+00 -1.3e+01  3.1e+00  6.6e+00 -1.9e+00  3.7e-01  1.1e-01  1.6e+00 -5.1e+00 -2.1e+00 -4.2e+00  5.4e+00 -5.9e+00 -6.3e-01  1.6e+00  8.5e-01 -3.9e+00 -4.8e+00  5.0e-01 -3.9e-01 -7.6e-02 -1.4e+00 -1.8e+00  9.7e-01  1.7e+00  3.0e+00  1.6e+01  1.8e+00
 -9.2e+02 -2.1e+04  1.4e+02 -5.5e+01 -2.0e+00 -1.6e+01  8.7e+01  1.7e+01  5.4e+01  5.4e+01 -4.9e+01 -3.1e+01  3.6e+01  4.2e+01 -5.2e+01  4.2e-01  3.6e+01  1.9e+01  3.6e+01  2.5e+00 -1.8e+01 -2.7e+00 -1.7e+01 -2.6e+01 -1.6e+01 -2.1e+01 -4.7e+00  6.1e-01 -2.7e+00  7.7e-02  2.6e+00  4.0e+00 -9.3e-02  4.8e+00 -2.0e+00 -3.0e+00  2.7e+00  2.5e-01 -4.3e-01  3.1e-01 -7.3e-01 -1.3e+00  3.2e-01 -2.6e-01 -2.4e-01  1.2e+00 -8.6e-01  5.4e-01  6.0e-01  9.6e-01  1.8e+00  1.3e+01
EE
    1    5.374126E+01   2.347981E+00   2.347981E+00   1.000000E+06      0     49
    2    4.141132E+03   4.208540E+01   4.208540E+01   1.000000E+06     50     99
    3    1.343467E+02   3.079365E-01   3.079365E-01   1.000000E+06    100    149
    4    1.073240E+02   1.878614E-01   1.878614E-01   1.000000E+06    150    199
    5    1.394927E+02   2.818734E-01   2.818734E-01   1.000000E+06    200    249
    6    5.983196E+02   8.957375E-01   8.957375E-01   1.000000E+06    250    299
    7    1.500916E+03   2.010855E+00   2.010855E+00   1.000000E+06    300    349
    8    1.877088E+03   2.501326E+00   2.501326E+00   1.000000E+06    350    399
    9    1.682669E+03   2.340742E+00   2.340742E+00   1.000000E+06    400    449
   10    1.329573E+03   1.449541E+00   1.449541E+00   1.000000E+06    450    499
   11    8.127277E+02   9.966583E-01   9.966583E-01   1.000000E+06    500    549
   12    1.422005E+03   1.408985E+00   1.408985E+00   1.000000E+06    550    599
   13    3.017141E+03   2.492949E+00   2.492949E+00   1.000000E+06    600    649
   14    3.230888E+03   3.367067E+00   3.367067E+00   1.000000E+06    650    699
   15    2.912779E+03   2.998180E+00   2.998180E+00   1.000000E+06    700    749
   16    2.184025E+03   2.034267E+00   2.034267E+00   1.000000E+06    750    799
   17    1.379951E+03   1.096585E+00   1.096585E+00   1.000000E+06    800    849
   18    1.838066E+03   1.616919E+00   1.616919E+00   1.000000E+06    850    899
   19    2.808614E+03   2.654647E+00   2.654647E+00   1.000000E+06    900    949
   20    3.882571E+03   3.190116E+00   3.190116E+00   1.000000E+06    950    999
   21    3.819530E+03   3.112432E+00   3.112432E+00   1.000000E+06   1000   1049
   22    2.488556E+03   2.141065E+00   2.141065E+00   1.000000E+06   1050   1099
   23    1.619558E+03   1.296503E+00   1.296503E+00   1.000000E+06   1100   1149
   24    1.612234E+03   1.161884E+00   1.161884E+00   1.000000E+06   1150   1199
   25    1.967086E+03   1.656553E+00   1.656553E+00   1.000000E+06   1200   1249
   26    2.874073E+03   2.091842E+00   2.091842E+00   1.000000E+06   1250   1299
   27    2.691844E+03   2.098237E+00   2.098237E+00   1.000000E+06   1300   1349
   28    1.999927E+03   1.484846E+00   1.484846E+00   1.000000E+06   1350   1399
   29    1.259975E+03   1.059220E+00   1.059220E+00   1.000000E+06   1400   1449
   30    1.035309E+03   8.211688E-01   8.211688E-01   1.000000E+06   1450   1499
   31    1.528563E+03   1.118278E+00   1.118278E+00   1.000000E+06   1500   1549
   32    1.923030E+03   1.251363E+00   1.251363E+00   1.000000E+06   1550   1599
   33    1.992033E+03   1.318095E+00   1.318095E+00   1.000000E+06   1600   1649
   34    1.505276E+03   1.134823E+00   1.134823E+00   1.000000E+06   1650   1699
   35    1.041517E+03   8.429008E-01   8.429008E-01   1.000000E+06   1700   1749
   36    8.721682E+02   6.554396E-01   6.554396E-01   1.000000E+06   1750   1799
   37    8.446447E+02   6.655308E-01   6.655308E-01   1.000000E+06   1800   1849
   38    9.776912E+02   7.612234E-01   7.612234E-01   1.000000E+06   1850   1899
   39    8.837752E+02   7.981147E-01   7.981147E-01   1.000000E+06   1900   1949
   40    9.809070E+02   7.259024E-01   7.259024E-01   1.000000E+06   1950   1999
   41    6.312810E+02   6.399094E-01   6.399094E-01   1.000000E+06   2000   2049
   42    5.472783E+02   5.224970E-01   5.224970E-01   1.000000E+06   2050   2099
   43    5.214705E+02   4.735666E-01   4.735666E-01   1.000000E+06   2100   2149
   44    5.252972E+02   5.180200E-01   5.180200E-01   1.000000E+06   2150   2199
   45    6.328424E+02   5.668554E-01   5.668554E-01   1.000000E+06   2200   2249
   46    5.547496E+02   5.693569E-01   5.693569E-01   1.000000E+06   2250   2299
   47    4.200193E+02   5.527388E-01   5.527388E-01   1.000000E+06   2300   2349
   48    4.152081E+02   4.818477E-01   4.818477E-01   1.000000E+06   2350   2399
   49    2.604583E+02   4.841714E-01   4.841714E-01   1.000000E+06   2400   2449
   50    2.778273E+02   4.628151E-01   4.628151E-01   1.000000E+06   2450   2499
   51    3.605053E+02   4.711043E-01   4.711043E-01   1.000000E+06   2500   2549
   52    3.030056E+02   5.280821E-01   5.280821E-01   1.000000E+06   2550   2599
  5.5e+04  3.0e+04  2.8e+02  4.2e+02  5.5e+02 -5.1e+02  1.4e+03 -8.1e+02 -3.5e+03 -7.3e+02 -8.7e+02 -9.8e+02  2.1e+03  1.0e+03  4.4e+03 -1.0e+03  6.8e+02 -4.7e+02  3.8e+03 -3.4e+03  6.7e+03  3.6e+03  1.6e+03 -2.3e+02  1.0e+03 -1.4e+03 -2.6e+03 -5.6e+02 -1.2e+03 -5.3e+02 -2.0e+01  1.6e+03  8.4e+02 -2.5e+02 -8.9e+02  3.4e+02 -9.4e+02  1.3e+02  3.9e+01  3.5e+02  1.2e+03  7.6e+02  1.7e+02 -1.8e+02  2.5e+01  4.8e+02  5.7e+02 -4.2e+02  6.4e+02 -6.4e+02 -5.9e+01 -5.3e+02
  3.0e+04  1.8e+07  1.5e+04  2.5e+03  3.0e+03  2.0e+03 -5.2e+03  6.2e+04 -1.8e+04  2.2e+04  9.8e+03  3.2e+04  1.4e+04  4.1e+04 -5.8e+04 -2.8e+04 -2.6e+04 -3.8e+04  6.9e+03 -1.5e+04  9.7e+04 -1.6e+04 -6.1e+03 -9.6e+03 -1.8e+04  4.6e+03 -2.9e+04 -7.8e+03 -2.0e+04  2.3e+04 -2.0e+04  6.5e+03  1.2e+04  5.7e+03  3.4e+03 -3.9e+03  1.1e+04  3.7e+03  1.7e+04 -7.8e+03  1.7e+04 -1.2e+04  5.6e+03  4.7e+03  1.4e+04  1.7e+04 -5.6e+03  8.1e+03 -1.0e+04 -1.0e+03 -4.1e+02 -4.1e+02
  2.8e+02  1.5e+04  9.5e+02  1.9e+01 -2.9e+00  7.0e+01 -2.0e+02  1.6e+02 -3.9e+02 -1.8e+02 -1.6e+02  8.5e+00  1.3e+02 -1.7e+02 -1.6e+02 -2.2e+02 -2.2e+02 -2.1e+02 -4.5e+02  8.6e+02 -1.2e+02  1.7e+02  3.0e+02  3.6e+01  4.0e+02 -2.5e+01  1.8e+02  2.5e+02 -4.1e+01 -1.7e+02 -2.2e+02 -1.1e+02 -2.1e+01 -1.5e+01  2.0e+01 -2.3e+01 -1.3e+02 -2.3e+01 -4.9e+01  1.1e+02  2.7e+01 -1.2e+02  1.0e+01 -8.0e+01  3.3e+01  1.2e+02  8.6e+01 -4.6e+01 -4.4e+01  4.0e+01 -3.1e+01 -9.6e+00
  4.2e+02  2.5e+03  1.9e+01  3.5e+02  2.8e+01 -1.4e+01  8.7e+01  1.1e+02 -2.5e+01 -8.8e+01 -2.2e+01 -1.3e+02  4.3e+02  3.1e+02  1.7e+02  3.2e+01  1.4e+02  6.0e+01 -9.7e+01  1.8e+02 -5.9e+01  2.8e+01  3.7e+01  9.2e+01  1.2e+02  4.4e+01 -1.4e+02 -1.7e+02  9.1e+01  9.0e+01  9.7e+01 -1.2e+01 -4.7e+01 -2.2e+01  1.6e+02 -7.4e+01 -8.2e+01  6.0e+01  3.0e+01 -3.1e+01  4.8e+01 -2.0e+01  2.4e+00  8.0e+00  2.1e+01 -9.9e+01 -4.4e+01 -6.0e+00  1.9e+01 -4.7e+01 -1.4e+01 -1.5e+01
  5.5e+02  3.0e+03 -2.9e+00  2.8e+01  7.9e+02  2.0e+02  4.3e+01 -2.3e+02  2.0e+02 -6.4e+00  7.5e+01  1.3e+02  6.2e+02  1.2e+01 -7.7e+01 -1.1e+02 -5.5e+01  1.5e+02  5.2e+02  6.9e+02  2.0e+01  2.7e+02  1.5e+02 -2.0e+02  2.2e+01  4.3e+02  3.2e+02 -5.0e+01 -2.8e+02  5.3e+01  5.4e+01  3.3e+01 -2.5e+02 -4.6e+01 -5.6e+01  1.5e+01 -1.4e+01  1.2e+02  1.8e+02  5.5e+01  7.5e+01  4.8e+01 -2.5e+01  3.6e+01 -3.2e+01 -1.2e+02 -7.0e+01 -1.6e+01  1.0e+02  1.9e+01  4.9e+00 -5.8e+01
 -5.1e+02  2.0e+03  7.0e+01 -1.4e+01  2.0e+02  8.0e+03  2.1e+03  6.6e+02  5.4e+02  8.2e+02  5.7e+02  1.2e+02 -5.0e+02 -1.7e+03  3.8e+02 -1.4e+03  1.8e+02 -2.1e+02 -7.8e+01 -6.2e+02  4.2e+02  3.2e+02  6.3e+02 -5.4e+02  2.0e+02  1.4e+03 -5.5e+02 -4.7e+01 -4.0e+02  1.1e+02  3.7e+02 -4.9e+02  3.3e+02 -3.4e+02  1.1e+02 -1.3e+02 -1.3e+02  9.3e+01 -3.1e+02  3.1e+02 -2.5e+02  3.8e+02 -4.7e+01 -1.3e+02 -1.6e+02 -2.3e+01 -2.1e+02  4.4e+00 -1.8e+02 -2.4e+02  1.6e+02 -7.7e+01
  1.4e+03 -5.2e+03 -2.0e+02  8.7e+01  4.3e+01  2.1e+03  4.0e+04  5.5e+03 -5.7e+01  1.3e+03  7.5e+02 -2.2e+02  1.1e+03  2.4e+03 -2.5e+03 -8.1e+02 -3.8e+02 -1.4e+03  2.2e+02 -3.3e+02  3.3e+02  4.3e+01 -1.9e+02  2.2e+03  5.4e+02 -2.7e+03 -1.8e+03 -6.1e+02  1.4e+03  3.2e+02 -8.9e+02  4.4e+02 -4.5e+02 -1.7e+03 -1.4e+03  3.3e+02  5.7e+02 -5.0e+02 -3.2e+02 -2.8e+02 -1.2e+02  6.9e+02  1.1e+02 -3.2e+02 -5.2e+02  2.5e+02  2.6e+00  2.5e+02 -3.1e+02 -1.5e+02 -3.0e+02  2.5e+02
 -8.1e+02  6.2e+04  1.6e+02  1.1e+02 -2.3e+02  6.6e+02  5.5e+03  6.3e+04  4.6e+03  1.5e+03 -1.8e+03 -1.8e+03  5.5e+02 -2.6e+03  5.8e+02 -1.0e+03  2.9e+02  9.9e+02 -4.6e+03 -1.3e+02  2.1e+02 -1.4e+03 -1.4e+03 -6.1e+02  6.6e+02  1.2e+03  1.5e+02 -4.8e+02  2.9e+02  1.8e+02  8.3e+02 -1.5e+03  2.1e+03 -7.7e+02  1.6e+03 -1.1e+01  8.0e+02  1.5e+02 -2.5e+03  8.6e+02  1.7e+03  1.2e+03 -1.4e+02 -4.4e+02 -1.8e+02 -1.4e+03  8.5e+01 -4.1e+02 -3.5e+02 -2.1e+02  1.2e+01  9.4e+01
 -3.5e+03 -1.8e+04 -3.9e+02 -2.5e+01  2.0e+02  5.4e+02 -5.7e+01  4.6e+03  5.5e+04  2.3e+03 -4.8e+02  1.1e+03 -1.7e+02  1.9e+03  3.1e+02  4.0e+01 -7.1e+02 -1.4e+03  1.5e+03  5.3e+02  1.8e+03  1.6e+03 -1.7e+03  1.6e+03  3.7e+02 -9.5e+02  1.6e+03  3.5e+02 -7.2e+02  1.5e+03  9.1e+02 -4.3e+01  1.1e+03  1.4e+03 -4.3e+02 -6.5e+01  1.3e+03  1.5e+03  4.5e+02 -4.8e+02  3.2e+02  2.6e+02  5.8e+02  8.7e+02 -6.1e+01 -3.1e+01 -2.6e+02  2.0e+01 -2.1e+02 -3.3e+02 -3.9e+02  2.7e+02
 -7.3e+02  2.2e+04 -1.8e+02 -8.8e+01 -6.4e+00  8.2e+02  1.3e+03  1.5e+03  2.3e+03  2.1e+04  1.1e+03  2.1e+02 -1.9e+02  4.1e+03  8.3e+02 -3.9e+02  5.9e+02  1.3e+03 -1.4e+03  1.3e+03 -6.0e+02 -1.7e+03 -4.2e+02  8.5e+02 -2.4e+02  1.2e+03  1.8e+03 -1.3e+01 -1.1e+02 -2.8e+02 -1.7e+02 -6.0e+02 -2.9e+02  2.2e+02  6.3e+02  6.2e+01  2.2e+02  1.3e+02 -8.3e-01  5.6e+02  1.5e+02  5.1e+02 -4.4e+02 -2.8e+02 -2.9e+02  2.3e+02  4.9e+02  5.2e+02  5.5e+02  2.8e+02 -4.5e+02  5.6e+02
 -8.7e+02  9.8e+03 -1.6e+02 -2.2e+01  7.5e+01  5.7e+02  7.5e+02 -1.8e+03 -4.8e+02  1.1e+03  9.9e+03  6.0e+02  6.3e+02  1.5e+03 -2.7e+02  4.9e+02 -4.2e+02 -8.4e+01 -4.3e+02  1.5e+03  1.4e+03 -1.3e+03 -3.1e+01 -1.5e+02 -2.7e+02 -6.7e+02  3.6e+02  4.3e+02  2.0e+02 -2.2e+01 -3.0e+02 -1.8e+02 -5.9e+02 -7.9e+02  2.9e+02  1.2e+02 -1.6e+02  3.9e+02  3.3e+02 -1.6e+02  1.2e+02 -4.2e+02 -3.9e+01  4.0e+02 -3.4e+02  4.5e+01 -4.6e+02 -2.8e+02 -2.2e+01 -6.7e+02  2.2e+02 -8.1e+01
 -9.8e+02  3.2e+04  8.5e+00 -1.3e+02  1.3e+02  1.2e+02 -2.2e+02 -1.8e+03  1.1e+03  2.1e+02  6.0e+02  2.0e+04  3.7e+03  3.2e+03 -3.5e+03  1.5e+03 -1.7e+02 -1.4e+03 -2.3e+03  2.2e+01 -1.4e+03 -1.9e+02 -4.1e+02  5.1e+02  4.7e+02 -9.5e+02  5.0e+02  7.6e+02  4.7e+02  5.7e+02 -5.4e+02 -1.9e+03 -1.2e+03  6.7e+01 -2.4e+02  1.5e+02 -7.3e+02  2.1e+02  4.2e+02 -5.7e+02 -9.4e+02  1.4e+02 -2.4e+02  1.5e+02 -6.7e+02 -4.1e+02  1.1e+02  7.8e+01 -3.9e+02  5.3e+01  3.0e+02  3.7e+02
  2.1e+03  1.4e+04  1.3e+02  4.3e+02  6.2e+02 -5.0e+02  1.1e+03  5.5e+02 -1.7e+02 -1.9e+02  6.3e+02  3.7e+03  6.2e+04  6.5e+03 -1.7e+02 -2.0e+02  2.8e+02  3.0e+03 -1.6e+03 -5.9e+03 -9.6e+02  1.4e+03 -6.2e+02 -8.6e+02 -2.9e+03  1.7e+03 -2.5e+03  1.9e+03 -3.9e+02  3.6e+02  9.0e+02  1.9e+03  1.4e+03 -6.7e+02  4.0e+02  3.5e+02 -8.6e+02  3.5e+02  1.8e+03 -8.5e+01  8.0e+01 -6.0e+02 -1.7e+02 -7.2e+01  4.5e+02  6.1e+02 -1.2e+03  5.7e+02  2.3e+02 -1.7e+03 -5.0e+02 -9.0e+02
  1.0e+03  4.1e+04 -1.7e+02  3.1e+02  1.2e+01 -1.7e+03  2.4e+03 -2.6e+03  1.9e+03  4.1e+03  1.5e+03  3.2e+03  6.5e+03  1.1e+05  1.3e+04  3.2e+03 -2.3e+03  3.1e+03  2.2e+03 -6.6e+03 -3.2e+03  1.8e+03  7.5e+02  3.9e+03  1.5e+02  2.5e+03  1.2e+03 -1.8e+03 -4.0e+02 -2.6e+02  1.5e+03  1.1e+03  1.7e+02 -2.3e+03  8.2e+02  1.3e+02  1.3e+03  1.5e+03  1.1e+03 -7.0e+02  1.3e+02 -7.7e+02  6.2e+01  3.8e+02  2.9e+02  1.1e+03 -1.2e+02  8.9e+02  1.0e+03  6.8e+02 -1.3e+03  4.0e+02
