window_spt3/window_
  52   52   52    0   52    0
BAND_SELECTION
   3   52
   3   52
   3   52
   0    0
   3   52
   0    0
   1    1    0
   0    0    0
   1  #iliketype
TT
    1    3.593625E+03   7.220744E+03   7.220744E+03   1.000000E+06      0     49
    2    7.942268E+04   1.497951E+05   1.497951E+05   1.000000E+06     50     99
    3    5.600569E+03   1.070944E+03   1.070944E+03   1.000000E+06    100    149
    4    6.876146E+03   9.555813E+02   9.555813E+02   1.000000E+06    150    199
    5    6.270262E+03   9.376544E+02   9.376544E+02   1.000000E+06    200    249
    6    4.754547E+03   7.121976E+02   7.121976E+02   1.000000E+06    250    299
    7    3.447761E+03   4.691981E+02   4.691981E+02   1.000000E+06    300    349
    8    2.031056E+03   2.599166E+02   2.599166E+02   1.000000E+06    350    399
    9    1.928320E+03   2.300995E+02   2.300995E+02   1.000000E+06    400    449
   10    2.225855E+03   2.465016E+02   2.465016E+02   1.000000E+06    450    499
   11    2.388281E+03   2.815468E+02   2.815468E+02   1.000000E+06    500    549
   12    2.329973E+03   2.312415E+02   2.312415E+02   1.000000E+06    550    599
   13    1.929222E+03   1.961596E+02   1.961596E+02   1.000000E+06    600    649
   14    1.915729E+03   1.748534E+02   1.748534E+02   1.000000E+06    650    699
   15    2.238360E+03   1.738084E+02   1.738084E+02   1.000000E+06    700    749
   16    2.168314E+03   2.056600E+02   2.056600E+02   1.000000E+06    750    799
   17    2.633036E+03   1.975093E+02   1.975093E+02   1.000000E+06    800    849
   18    2.475488E+03   1.832920E+02   1.832920E+02   1.000000E+06    850    899
   19    1.884120E+03   1.373143E+02   1.373143E+02   1.000000E+06    900    949
   20    1.029376E+03   8.814413E+01   8.814413E+01   1.000000E+06    950    999
   21    9.219348E+02   8.005225E+01   8.005225E+01   1.000000E+06   1000   1049
   22    1.173581E+03   8.067974E+01   8.067974E+01   1.000000E+06   1050   1099
   23    1.239944E+03   8.753698E+01   8.753698E+01   1.000000E+06   1100   1149
   24    1.158998E+03   7.986130E+01   7.986130E+01   1.000000E+06   1150   1199
   25    9.699185E+02   6.851665E+01   6.851665E+01   1.000000E+06   1200   1249
   26    6.777065E+02   5.565007E+01   5.565007E+01   1.000000E+06   1250   1299
   27    6.832396E+02   4.931295E+01   4.931295E+01   1.000000E+06   1300   1349
   28    7.885616E+02   4.959751E+01   4.959751E+01   1.000000E+06   1350   1399
   29    7.410959E+02   5.419311E+01   5.419311E+01   1.000000E+06   1400   1449
   30    7.533252E+02   4.532133E+01   4.532133E+01   1.000000E+06   1450   1499
   31    5.507990E+02   3.997667E+01   3.997667E+01   1.000000E+06   1500   1549
   32    4.315540E+02   2.793755E+01   2.793755E+01   1.000000E+06   1550   1599
   33    4.160748E+02   2.368373E+01   2.368373E+01   1.000000E+06   1600   1649
   34    4.036046E+02   2.228160E+01   2.228160E+01   1.000000E+06   1650   1699
   35    3.833718E+02   2.148504E+01   2.148504E+01   1.000000E+06   1700   1749
   36    3.653075E+02   2.177967E+01   2.177967E+01   1.000000E+06   1750   1799
   37    3.093511E+02   2.000477E+01   2.000477E+01   1.000000E+06   1800   1849
   38    2.680289E+02   1.523907E+01   1.523907E+01   1.000000E+06   1850   1899
   39    2.292844E+02   1.383016E+01   1.383016E+01   1.000000E+06   1900   1949
   40    2.033036E+02   1.325043E+01   1.325043E+01   1.000000E+06   1950   1999
   41    2.135396E+02   1.290355E+01   1.290355E+01   1.000000E+06   2000   2049
   42    2.124408E+02   1.232413E+01   1.232413E+01   1.000000E+06   2050   2099
   43    1.870156E+02   9.723690E+00   9.723690E+00   1.000000E+06   2100   2149
   44    1.511431E+02   8.510439E+00   8.510439E+00   1.000000E+06   2150   2199
   45    1.281470E+02   7.367132E+00   7.367132E+00   1.000000E+06   2200   2249
   46    1.181449E+02   6.635625E+00   6.635625E+00   1.000000E+06   2250   2299
   47    1.070472E+02   6.461823E+00   6.461823E+00   1.000000E+06   2300   2349
   48    1.044291E+02   5.458083E+00   5.458083E+00   1.000000E+06   2350   2399
   49    9.333557E+01   5.511355E+00   5.511355E+00   1.000000E+06   2400   2449
   50    8.284123E+01   4.389172E+00   4.389172E+00   1.000000E+06   2450   2499
   51    7.163199E+01   3.945519E+00   3.945519E+00   1.000000E+06   2500   2549
   52    5.948433E+01   3.672299E+00   3.672299E+00   1.000000E+06   2550   2599
  5.2e+07  9.5e+07 -6.3e+04  5.7e+05 -5.9e+03 -1.3e+05  7.9e+04  8.2e+04  1.7e+04  3.4e+04  1.6e+05  9.2e+04 -1.7e+04  6.1e+04 -1.4e+04  1.6e+04  2.6e+04  4.8e+04  3.3e+04  2.1e+04 -8.5e+03  3.7e+04  3.5e+04 -5.2e+04 -9.1e+03  7.2e+03  5.6e+03 -1.3e+04  7.9e+03  4.6e+03 -2.0e+04 -1.1e+04 -1.1e+04  6.1e+03  1.2e+04  1.6e+04 -1.1e+04  7.0e+03 -3.4e+03 -3.2e+03 -7.5e+02 -2.0e+03  3.8e+03 -6.2e+02  4.2e+03  4.1e+03  6.3e+02  1.3e+03  7.8e+02  5.5e+02  3.0e+01 -9.2e+02
  9.5e+07  2.2e+10  6.4e+06  1.0e+07  5.5e+06  9.5e+05 -2.0e+06 -8.8e+05  4.2e+05  1.1e+06  4.7e+05  2.1e+06  9.8e+05 -2.0e+06 -4.4e+05 -5.4e+05 -2.3e+05 -5.9e+04  1.5e+06 -1.7e+05  9.0e+05  3.9e+05  7.9e+04 -1.5e+06  3.6e+05  1.8e+05 -3.0e+05 -3.9e+03 -1.6e+05 -8.6e+04 -1.6e+05 -1.7e+05  1.5e+05 -3.7e+04  2.2e+05  7.5e+02  9.5e+04  4.9e+03  7.4e+04 -8.9e+04  1.0e+05 -1.5e+04  2.0e+05 -4.3e+04  5.3e+03  1.7e+04  5.2e+04  1.4e+04  1.7e+04  1.8e+04 -1.8e+04 -2.1e+04
 -6.3e+04  6.4e+06  1.1e+06  7.8e+04  5.4e+04  3.7e+04 -1.5e+03 -1.7e+03 -1.5e+04 -2.9e+02  1.1e+04  2.7e+03 -2.0e+04 -3.7e+03 -1.8e+03  3.1e+03 -2.5e+03 -4.1e+03  1.4e+04 -7.3e+03 -5.1e+03  5.5e+03  2.9e+03  1.2e+03 -2.6e+03  1.6e+03 -2.3e+02  2.8e+03 -2.3e+01 -7.4e+02  2.4e+03  1.7e+03  2.9e+01  7.2e+02  1.4e+03  1.0e+03  9.2e+02  3.8e+02 -7.5e+02  8.1e+01  2.3e+02 -2.2e+02 -9.6e+01 -5.8e+02 -1.7e+02 -2.7e+02 -1.1e+02 -3.9e+01  4.7e+01  7.9e+01  3.4e+02  1.4e+02
  5.7e+05  1.0e+07  7.8e+04  9.1e+05  9.3e+04  3.3e+03  4.7e+04  1.0e+04 -5.2e+03 -7.2e+03  1.4e+03 -3.9e+03  1.3e+04  6.2e+03  4.7e+03  4.2e+03  1.2e+04  5.0e+03  2.3e+03 -2.1e+03  6.6e+02  3.5e+03  8.9e+03 -1.0e+03  3.0e+02 -3.4e+02  3.0e+01  1.4e+03  1.4e+03  9.0e+01 -2.1e+03 -1.4e+02  1.4e+02  2.2e+03 -4.8e+02  9.2e+01 -1.7e+03  1.0e+03 -5.8e+02  5.8e+02 -7.2e+02 -6.3e+01 -8.6e+01 -1.1e+02 -5.2e+02 -2.0e+02 -2.3e+02  8.6e+01  4.8e+02  7.6e+01 -2.9e+02 -5.5e+01
 -5.9e+03  5.5e+06  5.4e+04  9.3e+04  8.8e+05  2.8e+04  1.6e+04  5.7e+03 -3.0e+03 -2.1e+02 -8.9e+03 -9.3e+03 -1.6e+04 -2.2e+03 -4.0e+02 -8.3e+03 -6.3e+02  2.9e+02  3.0e+03  1.7e+03 -3.9e+03 -5.6e+02 -1.7e+03 -1.8e+03 -1.8e+03  3.5e+02 -2.2e+03  8.9e+02  1.3e+02  7.7e+00  8.2e+02  5.6e+02  6.6e+02  1.2e+03 -3.6e+02 -7.5e+02  5.0e+01  1.6e+03 -4.0e+02 -1.1e+02  8.2e+02 -2.1e+02  1.1e+02 -2.9e+02 -7.5e+01  2.1e+02 -2.1e+02 -3.2e+02 -1.7e+02  3.2e+02  3.7e+02 -2.0e+00
 -1.3e+05  9.5e+05  3.7e+04  3.3e+03  2.8e+04  5.1e+05  4.0e+04 -6.5e+03  1.3e+03  2.0e+03  2.0e+04  2.0e+02 -4.8e+03  2.1e+03 -6.5e+03  3.9e+03  3.2e+03  7.8e+03 -3.3e+02 -2.7e+03  1.2e+03  2.5e+03 -6.3e+02 -3.4e+02  4.2e+03  3.3e+03 -2.6e+03 -1.1e+02 -1.2e+03 -5.8e+02  4.8e+02 -6.2e+02 -4.8e+02  6.2e+02 -2.4e+02 -5.1e+02  7.9e+02  3.3e+01 -2.8e+02  1.4e+02 -5.4e+02  8.7e+02  1.6e+02  1.3e+02 -1.4e+02  1.2e+02 -6.0e+01  1.3e+02 -3.5e+00  5.7e+01  1.4e+02 -1.6e+01
  7.9e+04 -2.0e+06 -1.5e+03  4.7e+04  1.6e+04  4.0e+04  2.2e+05  8.4e+03  6.9e+03  2.8e+03  1.1e+03 -6.9e+03  4.3e+02  2.6e+03 -3.9e+03  6.8e+03  6.6e+03  4.3e+03 -5.6e+02 -2.5e+03  2.8e+03 -1.2e+03  2.1e+03 -2.9e+02 -1.3e+03  1.8e+03 -5.9e+02  1.1e+03  6.0e+02 -9.3e+02  4.6e+02  1.6e+01 -4.7e+02 -3.7e+02  1.5e+02 -4.1e+02 -6.2e+01  3.0e+01  4.2e+01 -5.6e+01 -3.7e+02  9.1e+01 -2.2e+02 -2.0e+02  1.9e+02 -1.8e+02 -1.3e+02 -7.8e+01 -1.7e+02 -9.9e+01 -2.5e+01  8.7e+01
  8.2e+04 -8.8e+05 -1.7e+03  1.0e+04  5.7e+03 -6.5e+03  8.4e+03  6.8e+04  3.7e+03 -1.7e+03  9.5e+02 -2.5e+03  1.5e+03  2.2e+01  5.2e+03  1.6e+03  2.9e+03  9.4e+02 -5.1e+02  5.7e+02  1.8e+03  3.8e+02  1.1e+03  1.2e+02 -1.2e+03  6.0e+02  1.6e+02  2.6e+02  7.2e+02 -4.3e+01  9.4e+02 -7.0e+02  1.0e+02  5.4e+02 -2.8e+02 -5.1e+01  2.0e+02 -3.1e+01  7.0e+01  6.2e-01  4.5e+01 -1.0e+02 -7.1e+00 -7.1e+01  2.5e+01  7.8e+01  3.3e+00 -2.3e+01  2.8e+00 -3.6e+01 -5.8e+01  1.7e+01
  1.7e+04  4.2e+05 -1.5e+04 -5.2e+03 -3.0e+03  1.3e+03  6.9e+03  3.7e+03  5.3e+04  4.9e+03 -1.3e+03 -1.3e+03  1.3e+03 -8.0e+02 -2.9e+03 -1.6e+03  2.3e+03 -3.9e+02 -8.9e+02 -8.4e+02 -1.0e+03  9.7e+02  6.0e+01  8.2e+02 -1.3e+03 -1.2e+02  2.5e+02  4.1e+01  1.2e+03  1.4e+02 -5.8e+02 -1.5e+02  4.0e+02  1.1e+02  2.3e+02 -8.9e+00 -4.7e+01  5.0e+01  2.5e+02 -8.2e+01 -8.7e+01  6.1e+01 -3.5e+01  1.4e+02 -1.6e+01 -2.0e+01 -9.9e+00  6.1e+01 -6.4e+00  8.8e-01 -6.4e+00  5.4e+01
  3.4e+04  1.1e+06 -2.9e+02 -7.2e+03 -2.1e+02  2.0e+03  2.8e+03 -1.7e+03  4.9e+03  6.1e+04  4.6e+03  2.3e+03 -2.6e+02  1.7e+03 -1.1e+03 -1.7e+03 -4.9e+02 -8.9e+02  4.3e+01 -3.9e+02  5.8e+02  2.2e+02 -7.4e+02 -9.2e+02 -2.1e+03 -2.1e+02  6.8e+01 -8.8e+02  2.8e+02 -9.4e+02 -3.4e+02  1.2e+02  4.2e+01 -2.0e+02  3.6e+01  1.5e+02 -2.1e+02 -1.5e+02  1.4e+02  2.9e+00  3.5e+02 -1.4e+02  1.2e+01 -4.6e+01  6.7e+01 -7.3e+01 -4.1e+00 -7.6e+01  3.0e+00  6.9e+01  9.9e+01  5.4e+01
  1.6e+05  4.7e+05  1.1e+04  1.4e+03 -8.9e+03  2.0e+04  1.1e+03  9.5e+02 -1.3e+03  4.6e+03  7.9e+04  5.0e+03  2.2e+03 -8.6e+01 -1.8e+03  4.7e+02 -3.5e+03 -2.9e+03 -1.7e+03  1.4e+03  3.0e+03  1.0e+03 -9.3e+02 -6.1e+02  1.0e+03  1.7e+02 -1.7e+02 -5.6e+02  7.9e+01  8.4e+02 -2.1e+02 -1.0e+02 -2.7e+02 -2.9e+01 -1.8e+02  1.5e+02  3.1e+02  2.1e+02 -1.6e+02  4.6e+01 -2.7e+01 -1.8e+02  1.2e+02  3.7e+01  4.2e+01 -5.2e+01 -2.5e+01  1.1e+01 -3.7e+01 -2.9e+00 -2.8e+01 -4.9e+01
  9.2e+04  2.1e+06  2.7e+03 -3.9e+03 -9.3e+03  2.0e+02 -6.9e+03 -2.5e+03 -1.3e+03  2.3e+03  5.0e+03  5.3e+04  5.8e+03 -1.5e+03  1.6e+03 -3.3e+02 -2.5e+03 -7.6e+02 -1.9e+03  1.4e+03  2.2e+03  9.9e+02  3.6e+02  1.5e+03  2.5e+02  3.7e+02 -5.8e+02 -9.4e+02 -6.4e+02 -5.9e+02  2.5e+02  2.6e+02 -2.9e+02 -2.2e+02  3.4e+01 -1.2e+01 -1.8e+00  1.7e+01 -3.2e+02  7.4e+00  4.4e+01 -7.3e+01  1.9e+02  7.4e+01  3.2e+01 -1.1e+01  1.6e+01 -2.8e+01 -3.0e+01 -7.7e+01 -3.4e+01 -3.1e+01
 -1.7e+04  9.8e+05 -2.0e+04  1.3e+04 -1.6e+04 -4.8e+03  4.3e+02  1.5e+03  1.3e+03 -2.6e+02  2.2e+03  5.8e+03  3.8e+04  3.6e+03 -9.7e+02 -3.6e+03 -3.3e+02  1.7e+02 -1.8e+03 -1.2e+02  4.0e+02  2.3e+02  1.0e+03  1.6e+03  6.0e+02 -2.5e+02 -1.6e+02  3.7e+02 -2.4e+02  1.8e+02  2.2e+02 -6.9e+01 -4.1e+01 -4.6e+02 -5.1e+00  1.3e+02  8.9e+00 -1.1e+01 -1.1e+02 -4.2e+01  5.7e+01  2.1e+01  6.7e+01 -3.4e+01  5.2e+01 -4.7e+01  1.8e+00 -4.7e+01  9.2e-01 -1.3e+01 -3.1e+01  3.6e+01
  6.1e+04 -2.0e+06 -3.7e+03  6.2e+03 -2.2e+03  2.1e+03  2.6e+03  2.2e+01 -8.0e+02  1.7e+03 -8.6e+01 -1.5e+03  3.6e+03  3.1e+04  8.0e+02  1.2e+03  9.1e+01 -1.1e+03 -7.2e+02 -5.3e+02  1.4e+03 -6.7e+02 -9.8e+02  1.1e+02  4.8e+02 -9.6e+01  1.4e+02  3.0e+02  3.5e+02 -1.6e+02 -1.3e+02 -8.4e+01 -7.2e+01 -2.4e+02  6.5e+01  4.0e+02  3.5e+01  6.4e+01  1.0e+01  1.9e+01  8.6e+01 -1.0e+02 -5.5e+01 -2.2e+01 -1.5e+02 -5.0e+01 -5.1e+00  1.1e+01  5.5e+01  4.5e+01  6.5e+01  4.2e+01
 -1.4e+04 -4.4e+05 -1.8e+03  4.7e+03 -4.0e+02 -6.5e+03 -3.9e+03  5.2e+03 -2.9e+03 -1.1e+03 -1.8e+03  1.6e+03 -9.7e+02  8.0e+02  3.0e+04  2.4e+03 -1.2e+02 -2.3e+03  7.2e+02  1.9e+02  4.0e+01  6.1e+02 -3.6e+02 -1.0e+02  8.8e+02  3.5e+02  3.3e+02 -2.1e+02  6.9e+00 -3.8e+02  5.5e+01  1.6e+02 -9.9e+01  7.5e+01 -1.1e+02 -1.9e+02  8.7e+01  8.3e+01  6.0e+01  2.6e+01  3.1e+01 -7.3e+01  4.5e+01 -4.8e+01 -4.2e+01 -3.7e+01 -5.7e+01  8.0e+00 -1.6e+01 -3.9e+00  6.9e+00 -5.2e+01
  1.6e+04 -5.4e+05  3.1e+03  4.2e+03 -8.3e+03  3.9e+03  6.8e+03  1.6e+03 -1.6e+03 -1.7e+03  4.7e+02 -3.3e+02 -3.6e+03  1.2e+03  2.4e+03  4.2e+04  4.8e+03 -8.5e+02 -2.7e+02 -1.6e+03  7.8e+02 -1.5e+03  8.3e+02  2.2e+02  2.2e+02  1.1e+03 -2.7e+02 -4.6e+02 -6.5e+02 -7.2e+01  6.8e+01  3.8e+02  1.3e+01 -3.0e+02  1.8e+02  3.0e+02 -1.8e+01 -3.1e+01  4.5e+01 -1.2e+02  2.6e+01 -1.9e+02 -8.3e+01  3.1e+01  4.7e+01 -6.9e+00  4.1e+01 -1.3e+01 -1.3e+01  6.5e+01  5.2e+01  4.2e-01
  2.6e+04 -2.3e+05 -2.5e+03  1.2e+04 -6.3e+02  3.2e+03  6.6e+03  2.9e+03  2.3e+03 -4.9e+02 -3.5e+03 -2.5e+03 -3.3e+02  9.1e+01 -1.2e+02  4.8e+03  3.9e+04  2.2e+03 -1.6e+03 -9.0e+02  5.3e+02 -4.4e+02 -1.5e+02  5.5e+01 -2.7e+01  4.9e+02  2.9e+02 -3.5e+02 -4.7e+02  3.8e+02  5.1e+02  5.9e+02  2.0e+02  2.1e+02 -2.1e+02  4.9e+01 -2.4e+02 -1.4e+02  7.6e+01  1.1e+01  2.1e+02  8.7e+01 -1.4e+01  1.7e+01  9.2e+00  8.0e+01  1.6e+01  2.8e+01 -2.5e+01  7.8e+01  2.8e+01  3.6e+01
  4.8e+04 -5.9e+04 -4.1e+03  5.0e+03  2.9e+02  7.8e+03  4.3e+03  9.4e+02 -3.9e+02 -8.9e+02 -2.9e+03 -7.6e+02  1.7e+02 -1.1e+03 -2.3e+03 -8.5e+02  2.2e+03  3.4e+04  4.6e+03  2.3e+01 -1.0e+03  1.8e+02  5.2e+02  5.1e+02  7.3e+02 -2.5e+02 -1.3e+02  2.9e+02 -4.2e+01 -6.0e+02 -3.7e+02 -2.2e+02 -2.6e+01 -1.6e+02 -3.4e+02  9.2e+01 -8.9e+01  1.4e+02 -1.4e+02 -1.1e+02 -2.1e+01 -2.6e+01  1.6e+02 -7.1e+01  3.3e+01 -9.2e+00 -6.5e+00  3.7e+01  3.9e+01  5.6e+01  4.2e+01  1.9e+01
  3.3e+04  1.5e+06  1.4e+04  2.3e+03  3.0e+03 -3.3e+02 -5.6e+02 -5.1e+02 -8.9e+02  4.3e+01 -1.7e+03 -1.9e+03 -1.8e+03 -7.2e+02  7.2e+02 -2.7e+02 -1.6e+03  4.6e+03  1.9e+04  9.7e+02 -5.7e+02  4.4e+02  1.3e+02 -1.5e+02 -1.2e+02 -2.6e+02  4.0e+02  3.3e+01 -4.2e+02 -3.2e+02 -3.6e+02 -1.1e+02  2.4e+02  5.7e+01 -1.8e+02 -1.6e+02  1.1e+02  1.4e+02 -5.4e+01 -9.8e+01  1.3e+02 -7.6e+01  6.3e+01  4.4e+01  6.4e+01 -2.2e+01 -1.7e+01  4.6e+01  2.0e+01  1.9e+01  8.3e+00  3.6e+01
  2.1e+04 -1.7e+05 -7.3e+03 -2.1e+03  1.7e+03 -2.7e+03 -2.5e+03  5.7e+02 -8.4e+02 -3.9e+02  1.4e+03  1.4e+03 -1.2e+02 -5.3e+02  1.9e+02 -1.6e+03 -9.0e+02  2.3e+01  9.7e+02  7.8e+03  3.8e+01 -3.1e+02 -8.4e+01 -2.5e+02  2.0e+02 -1.1e+02 -1.1e+02  1.5e+02  2.1e+02 -8.7e+01 -5.2e+00  3.8e+01  1.4e+02  5.1e+01  1.3e+02  6.7e+01  4.5e+01  7.7e+01 -8.8e+01 -1.4e+01 -3.0e+01  2.9e+00 -1.3e+01  3.3e+01  2.3e+01 -2.6e+01  2.1e+00 -1.6e+01 -1.0e+01 -3.9e+01 -1.1e+01  2.5e+00
 -8.5e+03  9.0e+05 -5.1e+03  6.6e+02 -3.9e+03  1.2e+03  2.8e+03  1.8e+03 -1.0e+03  5.8e+02  3.0e+03  2.2e+03  4.0e+02  1.4e+03  4.0e+01  7.8e+02  5.3e+02 -1.0e+03 -5.7e+02  3.8e+01  6.4e+03  1.6e+02  2.1e+02 -1.8e+02 -3.4e+02  4.0e+02 -7.1e+00 -2.4e+02 -3.8e+01 -2.4e+02 -3.6e+01  8.6e+01  7.8e+00  6.6e+00 -6.8e+01  1.7e+01  2.1e+02  1.9e+01  6.4e+01  8.1e+00 -3.6e+01  8.1e+00 -1.1e+01  5.5e+00 -1.3e+01 -6.3e+01 -4.0e+00 -1.0e+01  6.4e-01 -8.8e-01 -5.0e+00 -1.8e+01
  3.7e+04  3.9e+05  5.5e+03  3.5e+03 -5.6e+02  2.5e+03 -1.2e+03  3.8e+02  9.7e+02  2.2e+02  1.0e+03  9.9e+02  2.3e+02 -6.7e+02  6.1e+02 -1.5e+03 -4.4e+02  1.8e+02  4.4e+02 -3.1e+02  1.6e+02  6.5e+03  9.2e+02  5.1e+02 -2.2e+02 -4.9e+01  2.3e+02 -1.1e+02  1.5e+02 -1.0e+02 -1.0e+02  8.5e+00  1.4e+02  8.6e+01 -1.4e+02  5.2e+01  3.3e+01  1.9e+01 -6.6e+01  3.3e+00  2.2e+00 -3.8e+01  3.0e+01 -3.9e+01 -1.4e+01  2.3e+01  1.4e+01  6.2e+00 -1.4e+00 -6.0e+00 -2.6e+00 -2.7e+00
  3.5e+04  7.9e+04  2.9e+03  8.9e+03 -1.7e+03 -6.3e+02  2.1e+03  1.1e+03  6.0e+01 -7.4e+02 -9.3e+02  3.6e+02  1.0e+03 -9.8e+02 -3.6e+02  8.3e+02 -1.5e+02  5.2e+02  1.3e+02 -8.4e+01  2.1e+02  9.2e+02  7.7e+03  1.0e+03  1.7e+02 -4.1e+01 -2.5e+02 -2.6e+02  4.2e+01 -2.6e+02  1.8e+02  1.8e+02 -5.1e+01  7.2e+01  8.4e+01 -6.3e+01 -4.7e+00  6.4e+01 -3.9e+01 -5.3e+01 -7.5e-01  5.2e+01  2.5e+01 -4.4e+01  2.0e+01 -1.1e+01 -3.1e+00 -7.2e+00  1.1e+01 -1.1e+01 -1.5e+01 -1.7e+01
 -5.2e+04 -1.5e+06  1.2e+03 -1.0e+03 -1.8e+03 -3.4e+02 -2.9e+02  1.2e+02  8.2e+02 -9.2e+02 -6.1e+02  1.5e+03  1.6e+03  1.1e+02 -1.0e+02  2.2e+02  5.5e+01  5.1e+02 -1.5e+02 -2.5e+02 -1.8e+02  5.1e+02  1.0e+03  6.4e+03  6.9e+02 -4.3e+02  3.6e+02 -8.7e+01  5.0e+01  1.3e+02  1.9e+02  1.2e+02  1.1e+02  7.3e+01 -3.5e+01 -3.0e+01  6.7e+01  2.8e+01  2.0e+01 -3.6e+01  1.7e+01 -4.1e+01  1.5e+01  2.5e+01 -1.1e+01 -1.0e+01  2.3e+01 -5.0e-01  3.9e+00 -3.1e+01 -4.8e+00 -2.6e+01
 -9.1e+03  3.6e+05 -2.6e+03  3.0e+02 -1.8e+03  4.2e+03 -1.3e+03 -1.2e+03 -1.3e+03 -2.1e+03  1.0e+03  2.5e+02  6.0e+02  4.8e+02  8.8e+02  2.2e+02 -2.7e+01  7.3e+02 -1.2e+02  2.0e+02 -3.4e+02 -2.2e+02  1.7e+02  6.9e+02  4.7e+03  1.7e+02  1.9e+01 -4.6e+01 -1.9e+02  1.1e+02 -1.7e+01 -1.4e+02  4.9e+01  9.3e+01 -1.6e+01 -1.0e+01 -8.5e+00 -2.6e+01  7.5e+01  2.3e+01  3.3e+01  7.6e+00  4.0e+01 -9.6e+00  4.1e+01  1.2e+01  1.8e+01  1.3e+01  9.4e+00 -2.4e+00  1.2e+00 -1.6e+01
  7.2e+03  1.8e+05  1.6e+03 -3.4e+02  3.5e+02  3.3e+03  1.8e+03  6.0e+02 -1.2e+02 -2.1e+02  1.7e+02  3.7e+02 -2.5e+02 -9.6e+01  3.5e+02  1.1e+03  4.9e+02 -2.5e+02 -2.6e+02 -1.1e+02  4.0e+02 -4.9e+01 -4.1e+01 -4.3e+02  1.7e+02  3.1e+03 -2.1e+01 -6.4e+01  2.0e+02  1.6e+02  1.1e+02  5.8e+01 -2.3e+01  7.9e+01 -1.9e+01  1.0e+02  1.1e+01  4.5e+01 -5.5e+00  4.3e+01  1.0e+02  8.6e+01  6.0e+00  1.8e+01  4.1e+00 -1.9e+01  5.5e-01 -8.6e+00  1.4e+00  3.9e+00 -1.3e+01 -2.1e+01
  5.6e+03 -3.0e+05 -2.3e+02  3.0e+01 -2.2e+03 -2.6e+03 -5.9e+02  1.6e+02  2.5e+02  6.8e+01 -1.7e+02 -5.8e+02 -1.6e+02  1.4e+02  3.3e+02 -2.7e+02  2.9e+02 -1.3e+02  4.0e+02 -1.1e+02 -7.1e+00  2.3e+02 -2.5e+02  3.6e+02  1.9e+01 -2.1e+01  2.4e+03  2.7e+02  2.7e+02  8.2e+01 -1.7e+02  6.0e+01  5.3e+01 -3.6e+01  3.6e+01 -7.1e+01  6.2e+00  1.8e+01  2.4e+01  6.3e+01  5.2e+01  4.2e+01  3.5e-01  1.0e+01  1.3e+01 -9.3e+00  1.4e+01  1.3e+01  1.4e+00  4.3e+00  3.1e+00 -4.7e+00
 -1.3e+04 -3.9e+03  2.8e+03  1.4e+03  8.9e+02 -1.1e+02  1.1e+03  2.6e+02  4.1e+01 -8.8e+02 -5.6e+02 -9.4e+02  3.7e+02  3.0e+02 -2.1e+02 -4.6e+02 -3.5e+02  2.9e+02  3.3e+01  1.5e+02 -2.4e+02 -1.1e+02 -2.6e+02 -8.7e+01 -4.6e+01 -6.4e+01  2.7e+02  2.5e+03  3.6e+02  5.9e+01 -1.3e+02 -5.2e+01  1.9e+01 -2.3e+00  6.3e+01 -1.2e+01  1.7e+01 -4.9e+00  5.0e-01  4.5e+01 -1.8e+01 -6.3e+00  1.7e+01 -3.9e+01  1.4e+00  3.2e+01  6.2e+00 -1.6e+01 -1.7e+01 -1.1e+01  6.6e+00  6.1e-01
  7.9e+03 -1.6e+05 -2.3e+01  1.4e+03  1.3e+02 -1.2e+03  6.0e+02  7.2e+02  1.2e+03  2.8e+02  7.9e+01 -6.4e+02 -2.4e+02  3.5e+02  6.9e+00 -6.5e+02 -4.7e+02 -4.2e+01 -4.2e+02  2.1e+02 -3.8e+01  1.5e+02  4.2e+01  5.0e+01 -1.9e+02  2.0e+02  2.7e+02  3.6e+02  2.9e+03  2.2e+02  1.4e+02 -9.4e+01 -5.9e+01  4.4e+00  6.2e+01 -3.9e+01 -1.9e+01 -2.4e+01 -3.5e+01 -3.0e+01 -6.5e+00  6.4e+01 -2.5e+01  6.3e+00  3.0e+01  2.5e+01  1.8e+01 -4.2e+00 -8.6e+00  2.9e+00 -1.9e+00 -2.7e+00
  4.6e+03 -8.6e+04 -7.4e+02  9.0e+01  7.7e+00 -5.8e+02 -9.3e+02 -4.3e+01  1.4e+02 -9.4e+02  8.4e+02 -5.9e+02  1.8e+02 -1.6e+02 -3.8e+02 -7.2e+01  3.8e+02 -6.0e+02 -3.2e+02 -8.7e+01 -2.4e+02 -1.0e+02 -2.6e+02  1.3e+02  1.1e+02  1.6e+02  8.2e+01  5.9e+01  2.2e+02  2.1e+03  2.4e+02 -3.4e+01  6.1e+01 -5.7e+01 -2.9e+01 -8.6e+00 -6.7e+00  1.7e+01  5.2e+01  4.6e+01 -5.6e+00  5.1e+00 -1.2e+01  6.7e+00  2.7e+01  1.5e+01 -2.3e+01  1.8e+00  1.4e+00  6.8e+00  3.7e-01  7.7e-02
 -2.0e+04 -1.6e+05  2.4e+03 -2.1e+03  8.2e+02  4.8e+02  4.6e+02  9.4e+02 -5.8e+02 -3.4e+02 -2.1e+02  2.5e+02  2.2e+02 -1.3e+02  5.5e+01  6.8e+01  5.1e+02 -3.7e+02 -3.6e+02 -5.2e+00 -3.6e+01 -1.0e+02  1.8e+02  1.9e+02 -1.7e+01  1.1e+02 -1.7e+02 -1.3e+02  1.4e+02  2.4e+02  1.6e+03  6.6e+01  2.2e+01 -1.7e+01 -5.0e+01 -2.5e+01 -3.8e+01 -1.7e+01  1.9e+01 -3.1e+01  2.8e+01  1.8e+01 -1.3e+01 -2.7e+01 -4.5e+00 -1.6e+00 -9.7e+00 -5.2e+00 -2.4e+00 -9.1e+00  1.1e-01  2.6e+00
 -1.1e+04 -1.7e+05  1.7e+03 -1.4e+02  5.6e+02 -6.2e+02  1.6e+01 -7.0e+02 -1.5e+02  1.2e+02 -1.0e+02  2.6e+02 -6.9e+01 -8.4e+01  1.6e+02  3.8e+02  5.9e+02 -2.2e+02 -1.1e+02  3.8e+01  8.6e+01  8.5e+00  1.8e+02  1.2e+02 -1.4e+02  5.8e+01  6.0e+01 -5.2e+01 -9.4e+01 -3.4e+01  6.6e+01  7.8e+02  5.1e+01  3.9e+01  2.4e+01 -4.0e+01 -3.8e+00  2.1e+01  1.3e+01 -6.6e+00  1.5e+01  8.8e+00  1.0e+01 -1.5e+00 -1.6e+01 -4.4e+00 -8.4e+00  9.6e-01 -3.7e+00 -3.0e-01  1.6e+00  4.0e+00
 -1.1e+04  1.5e+05  2.9e+01  1.4e+02  6.6e+02 -4.8e+02 -4.7e+02  1.0e+02  4.0e+02  4.2e+01 -2.7e+02 -2.9e+02 -4.1e+01 -7.2e+01 -9.9e+01  1.3e+01  2.0e+02 -2.6e+01  2.4e+02  1.4e+02  7.8e+00  1.4e+02 -5.1e+01  1.1e+02  4.9e+01 -2.3e+01  5.3e+01  1.9e+01 -5.9e+01  6.1e+01  2.2e+01  5.1e+01  5.6e+02  1.0e+02  7.2e-01  1.7e+01  2.3e+01 -8.8e-01  1.4e+01  2.3e+01 -7.9e+00 -1.7e+01 -3.4e+00 -1.7e+00  3.1e+00  2.1e+01  8.3e+00  4.0e+00 -1.0e+01 -3.1e+00 -5.1e+00 -9.3e-02
  6.1e+03 -3.7e+04  7.2e+02  2.2e+03  1.2e+03  6.2e+02 -3.7e+02  5.4e+02  1.1e+02 -2.0e+02 -2.9e+01 -2.2e+02 -4.6e+02 -2.4e+02  7.5e+01 -3.0e+02  2.1e+02 -1.6e+02  5.7e+01  5.1e+01  6.6e+00  8.6e+01  7.2e+01  7.3e+01  9.3e+01  7.9e+01 -3.6e+01 -2.3e+00  4.4e+00 -5.7e+01 -1.7e+01  3.9e+01  1.0e+02  5.0e+02  2.7e+01  3.3e+00 -1.1e+01 -2.5e+00 -8.1e+00  3.5e+00  8.3e+00  2.8e+00 -8.6e+00 -4.8e+00  7.7e+00  1.5e+01 -7.7e-01  1.9e+00  3.3e-01 -2.8e+00 -2.1e+00  4.8e+00
  1.2e+04  2.2e+05  1.4e+03 -4.8e+02 -3.6e+02 -2.4e+02  1.5e+02 -2.8e+02  2.3e+02  3.6e+01 -1.8e+02  3.4e+01 -5.1e+00  6.5e+01 -1.1e+02  1.8e+02 -2.1e+02 -3.4e+02 -1.8e+02  1.3e+02 -6.8e+01 -1.4e+02  8.4e+01 -3.5e+01 -1.6e+01 -1.9e+01  3.6e+01  6.3e+01  6.2e+01 -2.9e+01 -5.0e+01  2.4e+01  7.2e-01  2.7e+01  4.6e+02  1.8e+01  1.4e+01 -7.6e-01 -1.4e+01 -1.1e+01  6.6e+00  1.2e+01  6.3e+00 -1.6e+01  8.6e+00  1.3e+01 -4.8e+00 -2.1e+00 -1.2e+01 -7.4e+00 -4.2e+00 -2.0e+00
  1.6e+04  7.5e+02  1.0e+03  9.2e+01 -7.5e+02 -5.1e+02 -4.1e+02 -5.1e+01 -8.9e+00  1.5e+02  1.5e+02 -1.2e+01  1.3e+02  4.0e+02 -1.9e+02  3.0e+02  4.9e+01  9.2e+01 -1.6e+02  6.7e+01  1.7e+01  5.2e+01 -6.3e+01 -3.0e+01 -1.0e+01  1.0e+02 -7.1e+01 -1.2e+01 -3.9e+01 -8.6e+00 -2.5e+01 -4.0e+01  1.7e+01  3.3e+00  1.8e+01  4.7e+02  1.9e+01  1.9e+01 -2.7e+00  8.1e+00  1.6e+01 -4.9e+00 -2.5e-01  9.3e+00  7.0e-01 -9.0e+00  1.8e+00 -7.1e-01  1.9e+00  5.5e+00  5.4e+00 -3.0e+00
 -1.1e+04  9.5e+04  9.2e+02 -1.7e+03  5.0e+01  7.9e+02 -6.2e+01  2.0e+02 -4.7e+01 -2.1e+02  3.1e+02 -1.8e+00  8.9e+00  3.5e+01  8.7e+01 -1.8e+01 -2.4e+02 -8.9e+01  1.1e+02  4.5e+01  2.1e+02  3.3e+01 -4.7e+00  6.7e+01 -8.5e+00  1.1e+01  6.2e+00  1.7e+01 -1.9e+01 -6.7e+00 -3.8e+01 -3.8e+00  2.3e+01 -1.1e+01  1.4e+01  1.9e+01  4.0e+02  2.2e+01  1.3e+01  1.2e+01  5.2e+00  1.0e+01  2.4e+00  3.0e+00 -1.4e+01 -6.4e+00 -4.1e+00  5.4e+00 -8.9e+00 -3.5e+00 -5.9e+00  2.7e+00
  7.0e+03  4.9e+03  3.8e+02  1.0e+03  1.6e+03  3.3e+01  3.0e+01 -3.1e+01  5.0e+01 -1.5e+02  2.1e+02  1.7e+01 -1.1e+01  6.4e+01  8.3e+01 -3.1e+01 -1.4e+02  1.4e+02  1.4e+02  7.7e+01  1.9e+01  1.9e+01  6.4e+01  2.8e+01 -2.6e+01  4.5e+01  1.8e+01 -4.9e+00 -2.4e+01  1.7e+01 -1.7e+01  2.1e+01 -8.8e-01 -2.5e+00 -7.6e-01  1.9e+01  2.2e+01  2.3e+02  9.7e+00  2.4e+01 -6.1e+00  1.0e+01  2.3e+00 -1.2e-01  2.8e+00 -1.5e-02  5.3e+00 -5.9e+00  9.2e-01 -2.9e-01 -6.3e-01  2.5e-01
 -3.4e+03  7.4e+04 -7.5e+02 -5.8e+02 -4.0e+02 -2.8e+02  4.2e+01  7.0e+01  2.5e+02  1.4e+02 -1.6e+02 -3.2e+02 -1.1e+02  1.0e+01  6.0e+01  4.5e+01  7.6e+01 -1.4e+02 -5.4e+01 -8.8e+01  6.4e+01 -6.6e+01 -3.9e+01  2.0e+01  7.5e+01 -5.5e+00  2.4e+01  5.0e-01 -3.5e+01  5.2e+01  1.9e+01  1.3e+01  1.4e+01 -8.1e+00 -1.4e+01 -2.7e+00  1.3e+01  9.7e+00  1.9e+02  3.0e+01  7.0e+00  1.7e+00 -1.0e+00  3.5e-01 -2.7e+00  3.8e+00 -2.3e+00  6.4e+00  1.5e+00  2.4e+00  1.6e+00 -4.3e-01
 -3.2e+03 -8.9e+04  8.1e+01  5.8e+02 -1.1e+02  1.4e+02 -5.6e+01  6.2e-01 -8.2e+01  2.9e+00  4.6e+01  7.4e+00 -4.2e+01  1.9e+01  2.6e+01 -1.2e+02  1.1e+01 -1.1e+02 -9.8e+01 -1.4e+01  8.1e+00  3.3e+00 -5.3e+01 -3.6e+01  2.3e+01  4.3e+01  6.3e+01  4.5e+01 -3.0e+01  4.6e+01 -3.1e+01 -6.6e+00  2.3e+01  3.5e+00 -1.1e+01  8.1e+00  1.2e+01  2.4e+01  3.0e+01  1.8e+02  1.3e+01  2.1e+00  6.7e+00  3.2e+00  9.5e-01 -1.7e+00 -7.7e+00 -3.3e+00 -1.2e+00  1.2e+00  8.5e-01  3.1e-01
 -7.5e+02  1.0e+05  2.3e+02 -7.2e+02  8.2e+02 -5.4e+02 -3.7e+02  4.5e+01 -8.7e+01  3.5e+02 -2.7e+01  4.4e+01  5.7e+01  8.6e+01  3.1e+01  2.6e+01  2.1e+02 -2.1e+01  1.3e+02 -3.0e+01 -3.6e+01  2.2e+00 -7.5e-01  1.7e+01  3.3e+01  1.0e+02  5.2e+01 -1.8e+01 -6.5e+00 -5.6e+00  2.8e+01  1.5e+01 -7.9e+00  8.3e+00  6.6e+00  1.6e+01  5.2e+00 -6.1e+00  7.0e+00  1.3e+01  1.7e+02  1.8e+01  2.0e+01  9.8e+00 -3.7e-01  2.0e-01 -4.5e+00  3.1e+00  3.7e+00 -1.8e+00 -3.9e+00 -7.3e-01
 -2.0e+03 -1.5e+04 -2.2e+02 -6.3e+01 -2.1e+02  8.7e+02  9.1e+01 -1.0e+02  6.1e+01 -1.4e+02 -1.8e+02 -7.3e+01  2.1e+01 -1.0e+02 -7.3e+01 -1.9e+02  8.7e+01 -2.6e+01 -7.6e+01  2.9e+00  8.1e+00 -3.8e+01  5.2e+01 -4.1e+01  7.6e+00  8.6e+01  4.2e+01 -6.3e+00  6.4e+01  5.1e+00  1.8e+01  8.8e+00 -1.7e+01  2.8e+00  1.2e+01 -4.9e+00  1.0e+01  1.0e+01  1.7e+00  2.1e+00  1.8e+01  1.5e+02  8.6e+00  5.1e+00 -1.8e+00  6.2e-01 -4.0e+00  1.4e+00  8.1e-01 -3.2e+00 -4.8e+00 -1.3e+00
  3.8e+03  2.0e+05 -9.6e+01 -8.6e+01  1.1e+02  1.6e+02 -2.2e+02 -7.1e+00 -3.5e+01  1.2e+01  1.2e+02  1.9e+02  6.7e+01 -5.5e+01  4.5e+01 -8.3e+01 -1.4e+01  1.6e+02  6.3e+01 -1.3e+01 -1.1e+01  3.0e+01  2.5e+01  1.5e+01  4.0e+01  6.0e+00  3.5e-01  1.7e+01 -2.5e+01 -1.2e+01 -1.3e+01  1.0e+01 -3.4e+00 -8.6e+00  6.3e+00 -2.5e-01  2.4e+00  2.3e+00 -1.0e+00  6.7e+00  2.0e+01  8.6e+00  9.5e+01  6.9e+00 -7.7e-01  2.1e+00 -2.3e+00 -1.5e+00 -5.9e-01 -6.3e-01  5.0e-01  3.2e-01
 -6.2e+02 -4.3e+04 -5.8e+02 -1.1e+02 -2.9e+02  1.3e+02 -2.0e+02 -7.1e+01  1.4e+02 -4.6e+01  3.7e+01  7.4e+01 -3.4e+01 -2.2e+01 -4.8e+01  3.1e+01  1.7e+01 -7.1e+01  4.4e+01  3.3e+01  5.5e+00 -3.9e+01 -4.4e+01  2.5e+01 -9.6e+00  1.8e+01  1.0e+01 -3.9e+01  6.3e+00  6.7e+00 -2.7e+01 -1.5e+00 -1.7e+00 -4.8e+00 -1.6e+01  9.3e+00  3.0e+00 -1.2e-01  3.5e-01  3.2e+00  9.8e+00  5.1e+00  6.9e+00  7.2e+01  4.9e+00  6.8e-01 -4.6e+00 -3.8e+00 -2.5e+00  1.3e+00 -3.9e-01 -2.6e-01
  4.2e+03  5.3e+03 -1.7e+02 -5.2e+02 -7.5e+01 -1.4e+02  1.9e+02  2.5e+01 -1.6e+01  6.7e+01  4.2e+01  3.2e+01  5.2e+01 -1.5e+02 -4.2e+01  4.7e+01  9.2e+00  3.3e+01  6.4e+01  2.3e+01 -1.3e+01 -1.4e+01  2.0e+01 -1.1e+01  4.1e+01  4.1e+00  1.3e+01  1.4e+00  3.0e+01  2.7e+01 -4.5e+00 -1.6e+01  3.1e+00  7.7e+00  8.6e+00  7.0e-01 -1.4e+01  2.8e+00 -2.7e+00  9.5e-01 -3.7e-01 -1.8e+00 -7.7e-01  4.9e+00  5.4e+01  5.0e+00 -3.0e-01 -6.7e-01 -1.5e+00  2.0e+00 -7.6e-02 -2.4e-01
  4.1e+03  1.7e+04 -2.7e+02 -2.0e+02  2.1e+02  1.2e+02 -1.8e+02  7.8e+01 -2.0e+01 -7.3e+01 -5.2e+01 -1.1e+01 -4.7e+01 -5.0e+01 -3.7e+01 -6.9e+00  8.0e+01 -9.2e+00 -2.2e+01 -2.6e+01 -6.3e+01  2.3e+01 -1.1e+01 -1.0e+01  1.2e+01 -1.9e+01 -9.3e+00  3.2e+01  2.5e+01  1.5e+01 -1.6e+00 -4.4e+00  2.1e+01  1.5e+01  1.3e+01 -9.0e+00 -6.4e+00 -1.5e-02  3.8e+00 -1.7e+00  2.0e-01  6.2e-01  2.1e+00  6.8e-01  5.0e+00  4.4e+01  4.0e+00  5.8e-01  9.0e-01 -2.6e-01 -1.4e+00  1.2e+00
  6.3e+02  5.2e+04 -1.1e+02 -2.3e+02 -2.1e+02 -6.0e+01 -1.3e+02  3.3e+00 -9.9e+00 -4.1e+00 -2.5e+01  1.6e+01  1.8e+00 -5.1e+00 -5.7e+01  4.1e+01  1.6e+01 -6.5e+00 -1.7e+01  2.1e+00 -4.0e+00  1.4e+01 -3.1e+00  2.3e+01  1.8e+01  5.5e-01  1.4e+01  6.2e+00  1.8e+01 -2.3e+01 -9.7e+00 -8.4e+00  8.3e+00 -7.7e-01 -4.8e+00  1.8e+00 -4.1e+00  5.3e+00 -2.3e+00 -7.7e+00 -4.5e+00 -4.0e+00 -2.3e+00 -4.6e+00 -3.0e-01  4.0e+00  4.2e+01  1.6e+00 -6.1e-01 -4.3e-01 -1.8e+00 -8.6e-01
  1.3e+03  1.4e+04 -3.9e+01  8.6e+01 -3.2e+02  1.3e+02 -7.8e+01 -2.3e+01  6.1e+01 -7.6e+01  1.1e+01 -2.8e+01 -4.7e+01  1.1e+01  8.0e+00 -1.3e+01  2.8e+01  3.7e+01  4.6e+01 -1.6e+01 -1.0e+01  6.2e+00 -7.2e+00 -5.0e-01  1.3e+01 -8.6e+00  1.3e+01 -1.6e+01 -4.2e+00  1.8e+00 -5.2e+00  9.6e-01  4.0e+00  1.9e+00 -2.1e+00 -7.1e-01  5.4e+00 -5.9e+00  6.4e+00 -3.3e+00  3.1e+00  1.4e+00 -1.5e+00 -3.8e+00 -6.7e-01  5.8e-01  1.6e+00  3.0e+01  3.1e+00  9.5e-01  9.7e-01  5.4e-01
  7.8e+02  1.7e+04  4.7e+01  4.8e+02 -1.7e+02 -3.5e+00 -1.7e+02  2.8e+00 -6.4e+00  3.0e+00 -3.7e+01 -3.0e+01  9.2e-01  5.5e+01 -1.6e+01 -1.3e+01 -2.5e+01  3.9e+01  2.0e+01 -1.0e+01  6.4e-01 -1.4e+00  1.1e+01  3.9e+00  9.4e+00  1.4e+00  1.4e+00 -1.7e+01 -8.6e+00  1.4e+00 -2.4e+00 -3.7e+00 -1.0e+01  3.3e-01 -1.2e+01  1.9e+00 -8.9e+00  9.2e-01  1.5e+00 -1.2e+00  3.7e+00  8.1e-01 -5.9e-01 -2.5e+00 -1.5e+00  9.0e-01 -6.1e-01  3.1e+00  3.0e+01  2.9e+00  1.7e+00  6.0e-01
  5.5e+02  1.8e+04  7.9e+01  7.6e+01  3.2e+02  5.7e+01 -9.9e+01 -3.6e+01  8.8e-01  6.9e+01 -2.9e+00 -7.7e+01 -1.3e+01  4.5e+01 -3.9e+00  6.5e+01  7.8e+01  5.6e+01  1.9e+01 -3.9e+01 -8.8e-01 -6.0e+00 -1.1e+01 -3.1e+01 -2.4e+00  3.9e+00  4.3e+00 -1.1e+01  2.9e+00  6.8e+00 -9.1e+00 -3.0e-01 -3.1e+00 -2.8e+00 -7.4e+00  5.5e+00 -3.5e+00 -2.9e-01  2.4e+00  1.2e+00 -1.8e+00 -3.2e+00 -6.3e-01  1.3e+00  2.0e+00 -2.6e-01 -4.3e-01  9.5e-01  2.9e+00  1.9e+01  3.0e+00  9.6e-01
  3.0e+01 -1.8e+04  3.4e+02 -2.9e+02  3.7e+02  1.4e+02 -2.5e+01 -5.8e+01 -6.4e+00  9.9e+01 -2.8e+01 -3.4e+01 -3.1e+01  6.5e+01  6.9e+00  5.2e+01  2.8e+01  4.2e+01  8.3e+00 -1.1e+01 -5.0e+00 -2.6e+00 -1.5e+01 -4.8e+00  1.2e+00 -1.3e+01  3.1e+00  6.6e+00 -1.9e+00  3.7e-01  1.1e-01  1.6e+00 -5.1e+00 -2.1e+00 -4.2e+00  5.4e+00 -5.9e+00 -6.3e-01  1.6e+00  8.5e-01 -3.9e+00 -4.8e+00  5.0e-01 -3.9e-01 -7.6e-02 -1.4e+00 -1.8e+00  9.7e-01  1.7e+00  3.0e+00  1.6e+01  1.8e+00
 -9.2e+02 -2.1e+04  1.4e+02 -5.5e+01 -2.0e+00 -1.6e+01  8.7e+01  1.7e+01  5.4e+01  5.4e+01 -4.9e+01 -3.1e+01  3.6e+01  4.2e+01 -5.2e+01  4.2e-01  3.6e+01  1.9e+01  3.6e+01  2.5e+00 -1.8e+01 -2.7e+00 -1.7e+01 -2.6e+01 -1.6e+01 -2.1e+01 -4.7e+00  6.1e-01 -2.7e+00  7.7e-02  2.6e+00  4.0e+00 -9.3e-02  4.8e+00 -2.0e+00 -3.0e+00  2.7e+00  2.5e-01 -4.3e-01  3.1e-01 -7.3e-01 -1.3e+00  3.2e-01 -2.6e-01 -2.4e-01  1.2e+00 -8.6e-01  5.4e-01  6.0e-01  9.6e-01  1.8e+00  1.3e+01
EE
    1    2.296334E+02   2.347981E+00   2.347981E+00   1.000000E+06      0     49
    2    4.674905E+03   4.208540E+01   4.208540E+01   1.000000E+06     50     99
    3    9.378230E+01   3.079365E-01   3.079365E-01   1.000000E+06    100    149
    4    6.228810E+01   1.878614E-01   1.878614E-01   1.000000E+06    150    199
    5    9.011704E+01   2.818734E-01   2.818734E-01   1.000000E+06    200    249
    6    4.879564E+02   8.957375E-01   8.957375E-01   1.000000E+06    250    299
    7    1.431060E+03   2.010855E+00   2.010855E+00   1.000000E+06    300    349
    8    1.947677E+03   2.501326E+00   2.501326E+00   1.000000E+06    350    399
    9    2.338485E+03   2.340742E+00   2.340742E+00   1.000000E+06    400    449
   10    1.212232E+03   1.449541E+00   1.449541E+00   1.000000E+06    450    499
   11    6.682565E+02   9.966583E-01   9.966583E-01   1.000000E+06    500    549
   12    1.367261E+03   1.408985E+00   1.408985E+00   1.000000E+06    550    599
   13    2.694423E+03   2.492949E+00   2.492949E+00   1.000000E+06    600    649
   14    2.952424E+03   3.367067E+00   3.367067E+00   1.000000E+06    650    699
   15    3.327835E+03   2.998180E+00   2.998180E+00   1.000000E+06    700    749
   16    2.176135E+03   2.034267E+00   2.034267E+00   1.000000E+06    750    799
   17    1.294867E+03   1.096585E+00   1.096585E+00   1.000000E+06    800    849
   18    1.631546E+03   1.616919E+00   1.616919E+00   1.000000E+06    850    899
   19    3.191987E+03   2.654647E+00   2.654647E+00   1.000000E+06    900    949
   20    4.311665E+03   3.190116E+00   3.190116E+00   1.000000E+06    950    999
   21    3.762887E+03   3.112432E+00   3.112432E+00   1.000000E+06   1000   1049
   22    2.632832E+03   2.141065E+00   2.141065E+00   1.000000E+06   1050   1099
   23    1.668147E+03   1.296503E+00   1.296503E+00   1.000000E+06   1100   1149
   24    1.351021E+03   1.161884E+00   1.161884E+00   1.000000E+06   1150   1199
   25    1.951366E+03   1.656553E+00   1.656553E+00   1.000000E+06   1200   1249
   26    2.964378E+03   2.091842E+00   2.091842E+00   1.000000E+06   1250   1299
   27    2.733207E+03   2.098237E+00   2.098237E+00   1.000000E+06   1300   1349
   28    2.193145E+03   1.484846E+00   1.484846E+00   1.000000E+06   1350   1399
   29    1.493626E+03   1.059220E+00   1.059220E+00   1.000000E+06   1400   1449
   30    1.146710E+03   8.211688E-01   8.211688E-01   1.000000E+06   1450   1499
   31    1.422216E+03   1.118278E+00   1.118278E+00   1.000000E+06   1500   1549
   32    1.895194E+03   1.251363E+00   1.251363E+00   1.000000E+06   1550   1599
   33    2.078481E+03   1.318095E+00   1.318095E+00   1.000000E+06   1600   1649
   34    1.606019E+03   1.134823E+00   1.134823E+00   1.000000E+06   1650   1699
   35    1.129868E+03   8.429008E-01   8.429008E-01   1.000000E+06   1700   1749
   36    7.941641E+02   6.554396E-01   6.554396E-01   1.000000E+06   1750   1799
   37    7.779047E+02   6.655308E-01   6.655308E-01   1.000000E+06   1800   1849
   38    1.065409E+03   7.612234E-01   7.612234E-01   1.000000E+06   1850   1899
   39    1.292612E+03   7.981147E-01   7.981147E-01   1.000000E+06   1900   1949
   40    1.006942E+03   7.259024E-01   7.259024E-01   1.000000E+06   1950   1999
   41    7.322146E+02   6.399094E-01   6.399094E-01   1.000000E+06   2000   2049
   42    5.301264E+02   5.224970E-01   5.224970E-01   1.000000E+06   2050   2099
   43    5.516049E+02   4.735666E-01   4.735666E-01   1.000000E+06   2100   2149
   44    5.472643E+02   5.180200E-01   5.180200E-01   1.000000E+06   2150   2199
   45    5.352514E+02   5.668554E-01   5.668554E-01   1.000000E+06   2200   2249
   46    5.609914E+02   5.693569E-01   5.693569E-01   1.000000E+06   2250   2299
   47    4.263475E+02   5.527388E-01   5.527388E-01   1.000000E+06   2300   2349
   48    2.563527E+02   4.818477E-01   4.818477E-01   1.000000E+06   2350   2399
   49    1.861441E+02   4.841714E-01   4.841714E-01   1.000000E+06   2400   2449
   50    2.856250E+02   4.628151E-01   4.628151E-01   1.000000E+06   2450   2499
   51    3.828276E+02   4.711043E-01   4.711043E-01   1.000000E+06   2500   2549
   52    2.067622E+02   5.280821E-01   5.280821E-01   1.000000E+06   2550   2599
  5.5e+04  3.0e+04  2.8e+02  4.2e+02  5.5e+02 -5.1e+02  1.4e+03 -8.1e+02 -3.5e+03 -7.3e+02 -8.7e+02 -9.8e+02  2.1e+03  1.0e+03  4.4e+03 -1.0e+03  6.8e+02 -4.7e+02  3.8e+03 -3.4e+03  6.7e+03  3.6e+03  1.6e+03 -2.3e+02  1.0e+03 -1.4e+03 -2.6e+03 -5.6e+02 -1.2e+03 -5.3e+02 -2.0e+01  1.6e+03  8.4e+02 -2.5e+02 -8.9e+02  3.4e+02 -9.4e+02  1.3e+02  3.9e+01  3.5e+02  1.2e+03  7.6e+02  1.7e+02 -1.8e+02  2.5e+01  4.8e+02  5.7e+02 -4.2e+02  6.4e+02 -6.4e+02 -5.9e+01 -5.3e+02
  3.0e+04  1.8e+07  1.5e+04  2.5e+03  3.0e+03  2.0e+03 -5.2e+03  6.2e+04 -1.8e+04  2.2e+04  9.8e+03  3.2e+04  1.4e+04  4.1e+04 -5.8e+04 -2.8e+04 -2.6e+04 -3.8e+04  6.9e+03 -1.5e+04  9.7e+04 -1.6e+04 -6.1e+03 -9.6e+03 -1.8e+04  4.6e+03 -2.9e+04 -7.8e+03 -2.0e+04  2.3e+04 -2.0e+04  6.5e+03  1.2e+04  5.7e+03  3.4e+03 -3.9e+03  1.1e+04  3.7e+03  1.7e+04 -7.8e+03  1.7e+04 -1.2e+04  5.6e+03  4.7e+03  1.4e+04  1.7e+04 -5.6e+03  8.1e+03 -1.0e+04 -1.0e+03 -4.1e+02 -4.1e+02
  2.8e+02  1.5e+04  9.5e+02  1.9e+01 -2.9e+00  7.0e+01 -2.0e+02  1.6e+02 -3.9e+02 -1.8e+02 -1.6e+02  8.5e+00  1.3e+02 -1.7e+02 -1.6e+02 -2.2e+02 -2.2e+02 -2.1e+02 -4.5e+02  8.6e+02 -1.2e+02  1.7e+02  3.0e+02  3.6e+01  4.0e+02 -2.5e+01  1.8e+02  2.5e+02 -4.1e+01 -1.7e+02 -2.2e+02 -1.1e+02 -2.1e+01 -1.5e+01  2.0e+01 -2.3e+01 -1.3e+02 -2.3e+01 -4.9e+01  1.1e+02  2.7e+01 -1.2e+02  1.0e+01 -8.0e+01  3.3e+01  1.2e+02  8.6e+01 -4.6e+01 -4.4e+01  4.0e+01 -3.1e+01 -9.6e+00
  4.2e+02  2.5e+03  1.9e+01  3.5e+02  2.8e+01 -1.4e+01  8.7e+01  1.1e+02 -2.5e+01 -8.8e+01 -2.2e+01 -1.3e+02  4.3e+02  3.1e+02  1.7e+02  3.2e+01  1.4e+02  6.0e+01 -9.7e+01  1.8e+02 -5.9e+01  2.8e+01  3.7e+01  9.2e+01  1.2e+02  4.4e+01 -1.4e+02 -1.7e+02  9.1e+01  9.0e+01  9.7e+01 -1.2e+01 -4.7e+01 -2.2e+01  1.6e+02 -7.4e+01 -8.2e+01  6.0e+01  3.0e+01 -3.1e+01  4.8e+01 -2.0e+01  2.4e+00  8.0e+00  2.1e+01 -9.9e+01 -4.4e+01 -6.0e+00  1.9e+01 -4.7e+01 -1.4e+01 -1.5e+01
  5.5e+02  3.0e+03 -2.9e+00  2.8e+01  7.9e+02  2.0e+02  4.3e+01 -2.3e+02  2.0e+02 -6.4e+00  7.5e+01  1.3e+02  6.2e+02  1.2e+01 -7.7e+01 -1.1e+02 -5.5e+01  1.5e+02  5.2e+02  6.9e+02  2.0e+01  2.7e+02  1.5e+02 -2.0e+02  2.2e+01  4.3e+02  3.2e+02 -5.0e+01 -2.8e+02  5.3e+01  5.4e+01  3.3e+01 -2.5e+02 -4.6e+01 -5.6e+01  1.5e+01 -1.4e+01  1.2e+02  1.8e+02  5.5e+01  7.5e+01  4.8e+01 -2.5e+01  3.6e+01 -3.2e+01 -1.2e+02 -7.0e+01 -1.6e+01  1.0e+02  1.9e+01  4.9e+00 -5.8e+01
 -5.1e+02  2.0e+03  7.0e+01 -1.4e+01  2.0e+02  8.0e+03  2.1e+03  6.6e+02  5.4e+02  8.2e+02  5.7e+02  1.2e+02 -5.0e+02 -1.7e+03  3.8e+02 -1.4e+03  1.8e+02 -2.1e+02 -7.8e+01 -6.2e+02  4.2e+02  3.2e+02  6.3e+02 -5.4e+02  2.0e+02  1.4e+03 -5.5e+02 -4.7e+01 -4.0e+02  1.1e+02  3.7e+02 -4.9e+02  3.3e+02 -3.4e+02  1.1e+02 -1.3e+02 -1.3e+02  9.3e+01 -3.1e+02  3.1e+02 -2.5e+02  3.8e+02 -4.7e+01 -1.3e+02 -1.6e+02 -2.3e+01 -2.1e+02  4.4e+00 -1.8e+02 -2.4e+02  1.6e+02 -7.7e+01
  1.4e+03 -5.2e+03 -2.0e+02  8.7e+01  4.3e+01  2.1e+03  4.0e+04  5.5e+03 -5.7e+01  1.3e+03  7.5e+02 -2.2e+02  1.1e+03  2.4e+03 -2.5e+03 -8.1e+02 -3.8e+02 -1.4e+03  2.2e+02 -3.3e+02  3.3e+02  4.3e+01 -1.9e+02  2.2e+03  5.4e+02 -2.7e+03 -1.8e+03 -6.1e+02  1.4e+03  3.2e+02 -8.9e+02  4.4e+02 -4.5e+02 -1.7e+03 -1.4e+03  3.3e+02  5.7e+02 -5.0e+02 -3.2e+02 -2.8e+02 -1.2e+02  6.9e+02  1.1e+02 -3.2e+02 -5.2e+02  2.5e+02  2.6e+00  2.5e+02 -3.1e+02 -1.5e+02 -3.0e+02  2.5e+02
 -8.1e+02  6.2e+04  1.6e+02  1.1e+02 -2.3e+02  6.6e+02  5.5e+03  6.3e+04  4.6e+03  1.5e+03 -1.8e+03 -1.8e+03  5.5e+02 -2.6e+03  5.8e+02 -1.0e+03  2.9e+02  9.9e+02 -4.6e+03 -1.3e+02  2.1e+02 -1.4e+03 -1.4e+03 -6.1e+02  6.6e+02  1.2e+03  1.5e+02 -4.8e+02  2.9e+02  1.8e+02  8.3e+02 -1.5e+03  2.1e+03 -7.7e+02  1.6e+03 -1.1e+01  8.0e+02  1.5e+02 -2.5e+03  8.6e+02  1.7e+03  1.2e+03 -1.4e+02 -4.4e+02 -1.8e+02 -1.4e+03  8.5e+01 -4.1e+02 -3.5e+02 -2.1e+02  1.2e+01  9.4e+01
 -3.5e+03 -1.8e+04 -3.9e+02 -2.5e+01  2.0e+02  5.4e+02 -5.7e+01  4.6e+03  5.5e+04  2.3e+03 -4.8e+02  1.1e+03 -1.7e+02  1.9e+03  3.1e+02  4.0e+01 -7.1e+02 -1.4e+03  1.5e+03  5.3e+02  1.8e+03  1.6e+03 -1.7e+03  1.6e+03  3.7e+02 -9.5e+02  1.6e+03  3.5e+02 -7.2e+02  1.5e+03  9.1e+02 -4.3e+01  1.1e+03  1.4e+03 -4.3e+02 -6.5e+01  1.3e+03  1.5e+03  4.5e+02 -4.8e+02  3.2e+02  2.6e+02  5.8e+02  8.7e+02 -6.1e+01 -3.1e+01 -2.6e+02  2.0e+01 -2.1e+02 -3.3e+02 -3.9e+02  2.7e+02
 -7.3e+02  2.2e+04 -1.8e+02 -8.8e+01 -6.4e+00  8.2e+02  1.3e+03  1.5e+03  2.3e+03  2.1e+04  1.1e+03  2.1e+02 -1.9e+02  4.1e+03  8.3e+02 -3.9e+02  5.9e+02  1.3e+03 -1.4e+03  1.3e+03 -6.0e+02 -1.7e+03 -4.2e+02  8.5e+02 -2.4e+02  1.2e+03  1.8e+03 -1.3e+01 -1.1e+02 -2.8e+02 -1.7e+02 -6.0e+02 -2.9e+02  2.2e+02  6.3e+02  6.2e+01  2.2e+02  1.3e+02 -8.3e-01  5.6e+02  1.5e+02  5.1e+02 -4.4e+02 -2.8e+02 -2.9e+02  2.3e+02  4.9e+02  5.2e+02  5.5e+02  2.8e+02 -4.5e+02  5.6e+02
 -8.7e+02  9.8e+03 -1.6e+02 -2.2e+01  7.5e+01  5.7e+02  7.5e+02 -1.8e+03 -4.8e+02  1.1e+03  9.9e+03  6.0e+02  6.3e+02  1.5e+03 -2.7e+02  4.9e+02 -4.2e+02 -8.4e+01 -4.3e+02  1.5e+03  1.4e+03 -1.3e+03 -3.1e+01 -1.5e+02 -2.7e+02 -6.7e+02  3.6e+02  4.3e+02  2.0e+02 -2.2e+01 -3.0e+02 -1.8e+02 -5.9e+02 -7.9e+02  2.9e+02  1.2e+02 -1.6e+02  3.9e+02  3.3e+02 -1.6e+02  1.2e+02 -4.2e+02 -3.9e+01  4.0e+02 -3.4e+02  4.5e+01 -4.6e+02 -2.8e+02 -2.2e+01 -6.7e+02  2.2e+02 -8.1e+01
 -9.8e+02  3.2e+04  8.5e+00 -1.3e+02  1.3e+02  1.2e+02 -2.2e+02 -1.8e+03  1.1e+03  2.1e+02  6.0e+02  2.0e+04  3.7e+03  3.2e+03 -3.5e+03  1.5e+03 -1.7e+02 -1.4e+03 -2.3e+03  2.2e+01 -1.4e+03 -1.9e+02 -4.1e+02  5.1e+02  4.7e+02 -9.5e+02  5.0e+02  7.6e+02  4.7e+02  5.7e+02 -5.4e+02 -1.9e+03 -1.2e+03  6.7e+01 -2.4e+02  1.5e+02 -7.3e+02  2.1e+02  4.2e+02 -5.7e+02 -9.4e+02  1.4e+02 -2.4e+02  1.5e+02 -6.7e+02 -4.1e+02  1.1e+02  7.8e+01 -3.9e+02  5.3e+01  3.0e+02  3.7e+02
  2.1e+03  1.4e+04  1.3e+02  4.3e+02  6.2e+02 -5.0e+02  1.1e+03  5.5e+02 -1.7e+02 -1.9e+02  6.3e+02  3.7e+03  6.2e+04  6.5e+03 -1.7e+02 -2.0e+02  2.8e+02  3.0e+03 -1.6e+03 -5.9e+03 -9.6e+02  1.4e+03 -6.2e+02 -8.6e+02 -2.9e+03  1.7e+03 -2.5e+03  1.9e+03 -3.9e+02  3.6e+02  9.0e+02  1.9e+03  1.4e+03 -6.7e+02  4.0e+02  3.5e+02 -8.6e+02  3.5e+02  1.8e+03 -8.5e+01  8.0e+01 -6.0e+02 -1.7e+02 -7.2e+01  4.5e+02  6.1e+02 -1.2e+03  5.7e+02  2.3e+02 -1.7e+03 -5.0e+02 -9.0e+02
  1.0e+03  4.1e+04 -1.7e+02  3.1e+02  1.2e+01 -1.7e+03  2.4e+03 -2.6e+03  1.9e+03  4.1e+03  1.5e+03  3.2e+03  6.5e+03  1.1e+05  1.3e+04  3.2e+03 -2.3e+03  3.1e+03  2.2e+03 -6.6e+03 -3.2e+03  1.8e+03  7.5e+02  3.9e+03  1.5e+02  2.5e+03  1.2e+03 -1.8e+03 -4.0e+02 -2.6e+02  1.5e+03  1.1e+03  1.7e+02 -2.3e+03  8.2e+02  1.3e+02  1.3e+03  1.5e+03  1.1e+03 -7.0e+02  1.3e+02 -7.7e+02  6.2e+01  3.8e+02  2.9e+02  1.1e+03 -1.2e+02  8.9e+02  1.0e+03  6.8e+02 -1.3e+03  4.0e+02
